1.575914138648 1
0.777455135106 1
1.143030897023 1
0.688870571268 0
0.646928152878 1
0.021418448613 0
0.305819046834 1
0.296466271928 0
0.564247387454 1
0.369654041938 1
0.752210642817 1
1.352900946092 1
0.078569150060 0
0.715849023638 0
0.425302734656 1
1.013701556083 1
0.241607715215 1
0.869661059529 1
0.498719372447 1
0.080993712241 0
0.292974475469 0
0.676379663379 1
0.353800476306 1
1.041230065824 1
0.910029375563 1
0.889997139021 1
1.029231140574 0
0.540945090998 1
0.496890487556 1
0.329621399632 1
1.078152450419 1
0.791908471922 1
0.190904862831 1
0.310078068264 0
0.450246138925 0
1.340095782411 0
0.538521871162 1
0.574490316112 1
0.111615871420 0
0.679661289899 0
0.422308192536 1
0.469460741422 1
0.420428779087 1
0.677836013880 0
0.240650066788 0
0.579558696625 0
1.037389722040 0
0.316848865973 1
0.970194228021 1
0.346539678809 0
1.061405038112 1
0.392702695569 0
0.176023963899 0
2.720634932360 1
1.023572220282 1
0.398731041620 1
0.788587537809 1
0.732555431698 1
0.117665756337 1
0.846927118345 0
0.650343208632 1
0.107626765907 0
0.480550023855 0
0.972694557328 0
0.364755433588 1
1.067051343581 1
0.727305006179 0
0.450472171091 1
0.483993386075 1
0.556418731538 1
1.704786506765 0
0.492067490906 1
0.332199451292 1
0.226101415810 1
0.842101113391 0
0.170249124005 1
0.491750628932 0
1.264109144587 1
1.067286188842 0
1.242066532447 0
0.084191504685 0
0.684873204838 0
0.877806745202 1
1.135528205960 1
1.035749073843 1
0.240397634037 1
0.451584365436 0
0.413304435597 1
0.422042863708 1
0.616235277235 1
0.224092303467 1
1.831141069926 1
0.297265368595 1
1.320408960411 1
0.166324397086 0
0.603903627244 0
0.659382651340 1
0.686629884077 1
1.014689736619 0
0.772774585349 0
1.059392566315 0
0.556676171690 1
0.137503032873 0
1.352267507973 1
0.595417096211 0
0.592667023395 1
0.445903507121 1
1.003642199882 1
0.075414249771 0
0.120756373988 0
1.083451369033 1
0.905567054423 1
0.384514847139 1
0.866165137729 1
0.744301208915 0
0.750092931095 0
1.172002554262 1
1.104943043216 1
0.518903458385 0
0.892244500591 1
0.197989507797 1
0.622432201862 1
0.877898251871 1
1.015569095145 1
0.231926327216 1
0.279009785198 0
0.149395971999 0
0.754096175571 1
0.640074210152 1
0.209790535043 0
0.858563625939 1
0.636713172012 1
0.931281681752 1
0.428342538617 1
0.441540022532 0
0.273091295702 1
1.665724832631 1
0.318809280970 1
0.384151337840 0
0.752053797156 1
0.142225497719 1
0.510847140164 1
0.813025863401 1
0.762514477715 1
0.367052664068 0
0.452002135148 0
1.144765239004 1
0.572367970898 1
0.792776670138 1
0.837244456717 0
0.093170831233 1
0.025137502451 0
1.389585722314 1
0.471115998896 1
0.220547167866 0
0.349360404996 1
0.804833262817 1
0.879656321975 1
0.233923237003 1
0.482432189265 1
0.426711216536 1
0.066008884278 1
0.166925656056 0
0.124140281915 1
0.500357291975 0
0.581712979786 1
0.285955621842 0
1.573268538257 1
0.407896209312 0
0.209417720712 0
0.816672859786 0
0.215262982836 0
0.236531608216 0
0.624138394752 1
1.171599168043 1
0.317280228747 1
0.451883150308 0
0.207968143545 0
1.673711871122 1
0.494442008389 1
0.265839790348 1
1.303796467416 1
0.625984411002 1
0.154776253796 0
0.591173297634 0
0.629347083557 0
0.348543603327 1
0.843543371520 0
0.079343721413 0
0.395522543928 1
0.528532885471 0
0.795005720715 0
0.925713014013 0
0.964836226561 1
0.736090847704 1
0.172982420296 1
0.140757460339 0
0.985680451041 1
0.491465302602 1
0.553858785642 1
