1.575914138648 1
0.777455135106 1
1.143030897023 1
0.688870571268 0
0.646928152878 1
0.021418448613 0
0.305819046834 1
0.296466271928 0
0.564247387454 1
0.369654041938 1
0.752210642817 1
1.352900946092 1
0.078569150060 0
0.715849023638 0
0.425302734656 1
1.013701556083 1
0.241607715215 1
0.869661059529 1
0.498719372447 1
0.080993712241 0
0.292974475469 0
0.676379663379 1
0.353800476306 1
1.041230065824 1
0.910029375563 1
0.889997139021 1
1.029231140574 0
0.540945090998 1
0.496890487556 1
0.329621399632 1
1.078152450419 1
0.791908471922 1
0.190904862831 1
0.310078068264 0
0.450246138925 0
1.340095782411 0
0.538521871162 1
0.574490316112 1
0.111615871420 0
0.679661289899 0
0.422308192536 1
0.469460741422 1
0.420428779087 1
0.677836013880 0
0.240650066788 0
0.579558696625 0
1.037389722040 0
0.316848865973 1
0.970194228021 1
0.346539678809 0
1.061405038112 1
0.392702695569 0
0.176023963899 0
2.720634932360 1
1.023572220282 1
0.398731041620 1
0.788587537809 1
0.732555431698 1
0.117665756337 1
0.846927118345 0
0.650343208632 1
0.107626765907 0
0.480550023855 0
0.972694557328 0
0.364755433588 1
1.067051343581 1
0.727305006179 0
0.450472171091 1
0.483993386075 1
0.556418731538 1
1.704786506765 0
0.492067490906 1
0.332199451292 1
0.226101415810 1
0.842101113391 0
0.170249124005 1
0.491750628932 0
1.264109144587 1
1.067286188842 0
1.242066532447 0
0.084191504685 0
0.684873204838 0
0.877806745202 1
1.135528205960 1
1.035749073843 1
0.240397634037 1
0.451584365436 0
0.413304435597 1
0.422042863708 1
0.616235277235 1
0.224092303467 1
1.831141069926 1
0.297265368595 1
1.320408960411 1
0.166324397086 0
0.603903627244 0
0.659382651340 1
0.686629884077 1
1.014689736619 0
0.772774585349 0
1.059392566315 0
0.556676171690 1
0.137503032873 0
1.352267507973 1
0.595417096211 0
0.592667023395 1
0.445903507121 1
1.003642199882 1
0.075414249771 0
0.120756373988 0
1.083451369033 1
0.905567054423 1
0.384514847139 1
0.866165137729 1
0.744301208915 0
0.750092931095 0
1.172002554262 1
1.104943043216 1
0.518903458385 0
0.892244500591 1
0.197989507797 1
0.622432201862 1
0.877898251871 1
1.015569095145 1
0.231926327216 1
0.279009785198 0
0.149395971999 0
0.754096175571 1
0.640074210152 1
0.209790535043 0
0.858563625939 1
0.636713172012 1
0.931281681752 1
0.428342538617 1
0.441540022532 0
0.273091295702 1
1.665724832631 1
0.318809280970 1
0.384151337840 0
0.752053797156 1
0.142225497719 1
0.510847140164 1
0.813025863401 1
0.762514477715 1
0.367052664068 0
0.452002135148 0
1.144765239004 1
0.572367970898 1
0.792776670138 1
0.837244456717 0
0.093170831233 1
0.025137502451 0
1.389585722314 1
0.471115998896 1
0.220547167866 0
0.349360404996 1
0.804833262817 1
0.879656321975 1
0.233923237003 1
0.482432189265 1
0.426711216536 1
0.066008884278 1
0.166925656056 0
0.124140281915 1
0.500357291975 0
0.581712979786 1
0.285955621842 0
1.573268538257 1
0.407896209312 0
0.209417720712 0
0.816672859786 0
0.215262982836 0
0.236531608216 0
0.624138394752 1
1.171599168043 1
0.317280228747 1
0.451883150308 0
0.207968143545 0
1.673711871122 1
0.494442008389 1
0.265839790348 1
1.303796467416 1
0.625984411002 1
0.154776253796 0
0.591173297634 0
0.629347083557 0
0.348543603327 1
0.843543371520 0
0.079343721413 0
0.395522543928 1
0.528532885471 0
0.795005720715 0
0.925713014013 0
0.964836226561 1
0.736090847704 1
0.172982420296 1
0.140757460339 0
0.985680451041 1
0.491465302602 1
0.553858785642 1
0.506311216185 1
1.006526377471 1
0.947835843054 0
1.831178202608 1
0.819989222872 1
0.957242875288 1
0.504828683815 1
1.860497099548 1
0.507231109801 1
1.087362747137 1
0.547745730209 1
0.841396916846 1
0.446194515321 1
1.395917546656 1
0.406724739543 0
1.397482310432 1
0.737554254625 0
0.148912906502 1
0.224661957744 1
1.614528966682 0
0.016816019933 0
0.425946374104 1
0.775629554103 1
1.827375415086 1
0.110070902616 1
0.045472892627 0
0.594782090927 0
0.588390160288 0
0.219859624225 0
1.107064083246 1
0.883624143998 1
0.838542033317 1
0.658547281255 1
1.340326219763 1
0.496940332273 0
0.484685509246 0
0.822374713051 1
1.614142661124 1
0.984512408035 1
0.215903104779 0
0.452413892419 1
0.837380752269 1
0.140902731555 1
0.502007714029 0
1.048786182670 1
0.212787395923 0
0.037456860606 0
1.018580461159 1
0.693639713498 1
0.854121657976 1
0.442452506418 0
0.985441141998 1
0.781149224558 1
0.382368491985 1
1.034972851255 1
0.309635891683 0
1.410894531122 1
0.391841418832 0
1.025760352705 1
0.489158005251 0
0.861148679384 1
0.641167902216 1
0.341485616883 1
0.718817843954 1
0.572966155710 0
0.306384700099 1
0.453125541838 1
1.357582540028 0
0.310026073204 0
0.377950400669 1
0.502897279794 1
0.564831527733 1
1.259562138165 1
0.631289826321 0
1.057634285446 1
0.419951438116 0
0.506881775597 0
0.203055053170 0
0.226601116619 1
1.467658276343 0
0.422131470569 1
0.377220376751 0
0.977938294006 1
1.705080989586 1
1.242058607277 1
0.917318296161 1
1.458696428566 1
0.469735562968 0
0.445894684450 1
1.178202948454 1
0.386926888854 0
0.540263121948 1
1.054808165291 1
0.538783439700 0
0.146155605020 1
0.663838302326 0
0.233145548044 0
0.610763284028 1
1.150765421806 1
0.685260034099 0
0.848381356126 1
0.926959697016 0
0.469728097548 0
0.454084902917 1
1.039221216571 0
1.132424564870 1
0.284969225634 1
1.011895851397 1
0.144400617881 1
1.338171525496 1
0.732014059396 1
1.991698502545 1
0.882623322258 1
0.106783194415 0
1.036654954773 0
0.112009989084 1
0.469373188585 1
0.770343908632 1
0.483735568239 1
1.878678996271 1
1.749783338376 1
0.264920130616 0
1.073027350697 1
1.001377546619 1
0.930272617911 1
0.251263813307 1
0.693027766523 1
0.025159780781 0
0.736665558444 1
0.198608117030 1
0.555923082652 1
0.321261293837 1
0.140406254655 1
1.327093543818 1
0.263770588642 0
0.607863262878 1
0.272418059350 1
0.737320731497 1
0.579261548759 1
0.200633008090 1
0.971440678193 0
1.250566767400 1
0.858987324408 1
1.672413328365 0
0.442406323619 1
1.375589327887 1
0.118970599562 0
0.305603127010 1
0.849635980794 1
1.030057323257 0
1.146177555903 1
0.302781938662 0
0.407916443518 0
0.981263409330 1
0.682249697890 1
0.588235737386 1
0.480835416151 1
0.606485205063 0
0.318492167467 1
0.361874646880 0
0.537918338663 1
0.903860362784 1
0.354479706449 0
1.166475722137 0
0.575797943535 1
1.303176861231 1
0.928853449565 1
0.374330608112 0
1.254234228580 1
0.991590110383 1
0.856938200435 1
0.249180582624 0
0.530142440919 0
0.055915181466 1
0.263630832361 0
0.542387875360 0
1.128414151794 1
1.646852669682 1
1.328806327907 1
0.287969372958 1
0.581764030256 0
0.349661726019 1
0.526893561065 1
0.825958195609 1
1.139033434788 1
1.013219183196 1
0.605817783633 1
0.447695601728 1
0.447076281796 0
0.964791449801 0
0.072051360853 0
0.383843801558 1
0.437595492120 0
0.497561647601 1
1.032008603281 1
1.509315956306 1
0.646790117579 0
1.657005962796 1
0.544543828379 0
0.260179561255 0
0.322335453520 1
1.504024170623 1
0.189891661669 1
0.914119416553 1
1.989796184986 1
1.092178748225 1
0.599065977385 1
1.354009044482 1
0.235558137623 1
0.794898455330 1
0.322351356887 0
0.883817544644 0
0.208932090640 0
0.540370663744 0
0.077104140516 0
0.348188874360 1
0.417355943353 1
1.272568358771 1
0.847180102391 1
0.995849908251 1
1.327519080869 0
1.183528872460 0
0.950630487184 1
0.911735857291 1
0.910199669118 1
0.690456164687 1
0.116045996987 1
0.691628663559 1
0.687524579837 1
0.003732279845 0
0.186494942178 1
0.428131242853 1
0.291564427044 1
1.415390386278 0
1.472593627875 1
0.059760567711 0
0.082390362033 1
0.003873508129 0
1.084880122417 0
2.077826015972 1
0.044310379945 0
1.362270730119 1
0.541034102302 1
1.569964973499 1
1.330733488577 1
1.310702388507 1
0.120120771202 0
0.810728666819 1
0.532416807850 1
0.288910826649 1
0.121947588064 0
0.312334110081 0
1.142127880163 1
0.353654837452 0
0.508462480970 0
0.924765950561 1
0.544521463529 1
1.365297889932 1
0.171059976016 1
1.346693942478 1
0.803708516265 0
0.723704307500 1
0.949526171622 1
0.380389823907 0
0.284048533555 1
0.711558186665 1
0.892509066138 1
0.100688930242 0
1.157691665841 1
0.159511493349 0
0.372172837096 0
1.169554166191 1
1.427764927915 1
0.587555735776 1
1.946820097462 1
0.637248057961 0
0.476880177458 1
0.491513626293 1
0.339495413498 1
0.586082861736 1
0.684138552917 0
1.248789465992 1
0.575592244865 1
1.013053771922 1
1.033774746413 0
0.094948633434 0
0.721201771773 1
0.459366692152 1
0.810576055431 1
0.455969629592 1
0.568399820481 0
0.663185368768 0
0.616649566745 0
0.723459319755 0
1.044742592945 1
0.271730451945 0
1.220546054396 0
1.080243664549 1
0.558741626105 1
0.674403821818 1
1.382143920310 0
0.071691404573 1
0.586320714016 1
0.952664907277 1
0.847542399365 1
0.891234155838 1
0.755544371330 1
0.682975916952 1
0.096584150481 0
0.812698869510 0
0.551913046571 1
0.808324943152 1
0.341182477933 0
0.310653200187 0
0.803991635817 1
1.418972551838 1
1.212809085000 1
0.291986963723 1
0.376424299551 0
1.142926729523 0
1.285302613352 1
0.038222094969 0
0.414310943796 1
1.427170374856 1
1.255053769305 1
1.059507380990 1
0.440701314907 0
1.051547984920 1
0.168655153666 0
2.039876976292 1
0.206017920586 0
0.516882214208 1
0.329767606892 0
0.569813910612 1
0.327091150079 1
1.103708047459 1
0.880857851670 1
0.159506781514 1
0.599375037555 1
0.770709087094 1
0.391433412927 1
0.330637884063 1
0.093636492783 0
0.668618454033 1
0.633174623950 1
0.798681914659 1
0.461978992033 1
0.266673890064 1
0.314638115754 1
0.668512251830 1
0.381875284327 1
0.245611775587 0
0.993525685950 1
0.525347131420 1
0.649886705902 1
1.078768714988 1
0.390948477690 1
1.051296720512 0
1.035868947001 1
0.102292015009 0
1.601313874073 1
1.423941340805 1
1.024304154450 1
0.644057318888 1
0.777416619662 1
0.370458464718 1
0.917305480385 1
1.718131573979 1
1.522133150245 1
0.784531911590 1
1.124326084608 0
0.483882604926 0
0.992364095622 1
0.266701715119 0
0.597876007104 0
0.563306950949 1
0.308771928665 0
0.431769221939 0
0.539738289918 1
0.344676368302 1
1.254646194813 1
0.656957243269 1
1.242612816749 1
0.511178898419 0
0.296549989865 1
0.327270861213 0
0.279802280112 0
1.790187085468 1
0.628021504791 0
1.282290286801 1
0.632814363119 1
1.167998577898 1
0.209898018108 1
0.166899209866 0
0.233454969871 1
0.574888973017 0
0.845011206441 1
0.612971235457 1
0.168164372853 0
0.997279448654 1
0.209162477728 0
0.838397408579 1
0.044148140550 0
0.233925252882 0
0.694612208200 1
0.556481631937 0
0.409556850034 1
0.640303203124 1
1.151083898058 1
0.522584421320 1
0.587314512784 0
1.174826056409 1
0.788420897631 1
1.776091958479 0
0.472999017435 1
1.505130661714 1
0.361372213867 1
0.308996137132 1
0.164801519887 1
0.344930632521 1
0.739396413150 1
0.156970813243 1
0.267207948523 1
1.033667712883 1
0.247806132303 0
0.274452302180 1
0.478754628617 1
0.416354509734 1
1.388410067592 0
0.003413464900 0
0.772941764637 1
0.750832297973 1
0.142369772464 0
0.332675063951 0
1.197469043848 1
0.297240002288 1
0.402906914205 0
1.214733066205 1
0.710390026116 1
0.230203709077 1
0.228464551611 0
0.494188483909 0
0.223930092978 0
1.327988244340 1
1.483170317247 1
0.553394049697 0
1.127689608715 1
0.611713673798 0
0.229753487955 0
0.316727023857 0
0.287747195035 0
0.523278204511 0
0.443616609582 0
0.903214716675 1
0.075092924426 0
1.221226479101 1
0.349121061361 0
1.010739083667 0
0.766390171585 1
0.617394538490 1
0.637607197807 1
1.578932502659 1
0.406706957029 1
1.238658872467 1
0.865307861292 1
0.988503086886 1
0.106165428143 0
0.480044293302 1
1.541427617678 1
0.985151524376 1
0.202970968006 1
2.303750720730 1
0.618638259934 1
0.869475946892 0
1.822544336925 1
0.420670886993 1
0.704300007809 1
0.831548793912 1
1.205129727530 1
1.037155439851 1
0.430454953138 1
0.108104288356 1
0.117223652889 1
0.215977364396 0
0.357063044876 1
0.716733781372 1
0.698077093749 0
0.918823547198 1
0.611448734569 1
0.936711675637 1
0.278175798632 1
0.912521665868 1
0.214198299096 0
0.665278494224 0
0.630949321639 1
0.517353982755 1
0.352330283341 0
0.179770144683 0
0.021433000341 0
0.131152290479 0
0.801980703452 0
0.380748235193 0
0.890437441874 0
0.549531101564 1
0.553176751515 0
1.758933582613 1
1.526807315652 1
0.670867709913 1
0.109923590605 0
0.783708465913 1
0.839388199004 1
0.340425831311 0
0.856624516766 1
0.338223539950 0
0.295660380541 0
0.462684652222 1
0.476901545295 0
0.865916628725 1
0.843579836083 1
0.605778691709 1
0.166255448587 0
0.743159197991 0
1.249850063263 1
0.322961148507 0
1.094389041613 1
0.348216723967 0
0.247347737853 0
0.692389548345 1
0.191747078596 1
0.939576900785 0
0.004151650496 0
0.854117149381 1
0.902213089367 0
0.454432739798 1
0.721623666954 0
0.859361366051 1
1.368932983509 1
0.765078409591 1
0.260441748657 0
0.326855839215 0
1.468247079834 1
0.500862072428 1
0.169376518460 1
0.598096314882 1
1.011836888864 1
0.804758311397 1
0.346261567030 0
0.620955493119 1
1.498834554935 0
1.401418540153 1
0.154751907948 1
0.191889482879 1
0.585441865684 1
0.907511412742 1
0.770130888797 1
0.438297241256 1
0.602914102925 0
0.541012915499 1
0.512201004300 1
0.401964277819 0
0.321769926204 1
0.779660748709 0
0.559353925976 0
0.365554905978 1
1.031240756405 1
0.646195742481 1
0.663476030732 1
0.824898798988 1
0.219622769763 1
0.846203881607 1
0.779045561898 0
0.545996366877 0
0.062530961957 0
0.638066087456 1
0.808837847529 0
0.785564834160 0
0.624976629329 0
1.711102663741 1
0.484189641901 1
1.609803088264 1
0.489382679043 0
1.161991584950 1
0.738335403378 1
0.913263705047 1
0.600667335004 0
0.310893015880 0
2.084454476486 1
0.559232586022 1
0.954880091483 1
1.028181548099 0
0.936001467281 1
0.730333916907 1
1.150300894588 1
0.875710750702 1
0.266398614814 0
0.645029516272 0
0.964363970608 1
0.885807601211 1
1.151959900824 1
0.315390407119 1
0.377337141892 1
1.287196062115 1
0.879016026400 1
1.278136114128 1
1.919691773367 1
0.529416766610 1
0.585526403081 1
1.185935446470 0
0.471693374380 1
0.055603976464 0
1.211942757332 1
1.620321429152 1
0.379655316238 0
0.477289855014 1
0.406619723714 1
0.704063822506 0
1.065586674294 0
0.214609283441 0
1.491298019195 1
0.141361345125 1
1.117376800453 0
1.267477194481 1
0.635926040051 1
0.416918673637 1
0.676060211386 1
0.555768122331 1
0.594737943653 1
1.022611411910 0
1.153547307077 1
1.133184544845 1
0.875156217213 1
0.573719165656 1
0.991344217246 1
0.495826268229 0
0.010610777729 0
1.615844975278 1
0.792962837008 0
1.465715634171 1
0.147855669446 0
0.344654022325 0
0.728624452013 0
0.187854030605 1
0.256491343451 1
1.382624235390 1
0.144555061841 0
0.508332928104 1
1.496677249351 1
0.725206659294 0
0.741730479094 1
0.726369711365 1
0.213953563483 0
0.794389489817 0
0.166169116966 1
0.170070131268 1
0.739138854588 0
1.295567225752 1
0.539584759609 1
1.133595942154 1
1.267643782286 1
0.038920939819 0
1.564191874696 0
1.017064038866 1
0.161608909693 0
0.864815667962 1
0.681626412307 1
0.657649377063 1
0.395373596427 1
0.388433246155 1
0.703063824578 1
1.268957612921 1
0.645454977634 0
0.741320307931 0
0.781352463648 1
0.665300096744 1
0.706844206643 1
0.375492629956 1
0.857722135349 0
0.238502463541 1
0.419569775755 0
0.851460093960 1
0.501237389908 1
0.141923303234 0
0.483890164528 1
0.285659415001 0
0.977486618664 1
0.168944973130 1
0.440105539742 1
0.163168028909 0
0.736573049599 1
0.296478612206 0
0.791739104463 1
0.732498062261 0
0.531107051484 1
0.402244639213 1
0.407986530038 1
0.037484901485 0
1.586630803632 1
0.943012269706 1
0.202934377171 1
0.307397339167 1
0.263917955816 1
0.974217136551 1
0.599154261224 1
1.100869565310 1
0.637330324715 1
0.649350652284 1
0.776783715913 1
0.245624492708 1
0.338882748942 1
0.173341147332 0
0.743129736290 1
0.831505830335 0
0.676228611929 1
1.006511061257 1
1.297918744407 1
0.731925059949 1
0.296843422043 1
0.329418736274 0
1.031705869425 1
0.631509068208 1
0.714318691523 1
0.926141639551 0
0.632013950827 1
0.469758020432 1
0.384964266724 1
0.474002380035 1
1.406976349264 1
0.329372737422 1
0.861681538218 1
1.185139681752 1
1.106640096681 1
0.434198501175 1
0.854065950579 1
0.146969365406 0
0.618326519119 1
0.510803527874 1
0.772608411070 1
0.455431823483 1
1.023296684032 1
0.859818178979 1
0.175444294189 1
1.179421295762 1
0.755912816776 1
1.197986075187 1
0.636531946595 0
0.549845826273 1
0.753177879268 0
0.075689453094 0
0.273313758502 1
1.357411428294 0
0.447445203719 1
0.884791263732 1
0.657016561879 1
0.114381175004 1
0.282979312739 1
0.324373092402 0
1.151048368613 1
1.045141936552 1
0.030905482609 0
1.675866696982 1
0.578595567380 0
1.158999460436 1
2.084371664277 1
0.116847311952 0
1.247639958239 1
0.590454625641 0
0.237566291802 1
0.096023507208 0
0.889122880093 1
1.317811177658 1
1.364980517701 1
1.066246682285 0
0.676508532564 0
0.019604133949 0
0.158243489870 0
0.462522489413 1
0.275615150053 1
0.187448614235 1
1.065476674639 0
0.742932495258 0
0.674043115999 0
0.161828548003 1
1.467380812696 0
0.207160467949 0
0.533425486105 1
0.788297292349 1
1.505249445176 1
1.046157869040 1
0.611497978765 1
0.273781616428 1
1.261531389153 0
1.678832841815 1
0.684694875757 0
0.690358750394 1
0.170881310954 1
0.735234482612 1
0.940291633144 1
0.780021041111 1
1.295384755849 1
0.873433033325 1
