2.814430454718 0.000000000000 1
2.473600738771 0.329502387196 1
1.716287505774 0.000000000000 1
3.600494144950 2.818997659998 1
2.773293824760 0.000000000000 1
2.791325302997 1.113255394407 1
0.749742866876 0.385220451963 0
4.311543652275 4.090564062912 1
2.305229489765 0.000000000000 0
4.657482270962 0.000000000000 1
1.475495217223 0.000000000000 0
1.213436422277 0.000000000000 0
5.343533253676 0.000000000000 0
1.236763271626 0.000000000000 1
0.512043628017 0.000000000000 0
3.944567669149 3.929604950932 0
2.416588635182 0.000000000000 0
1.932915014621 0.000000000000 0
2.912700181961 0.000000000000 1
0.453471651296 0.000000000000 0
4.328667137679 2.911437715822 1
0.498612778597 0.094953265224 0
3.238989582200 1.317273918507 0
4.085347272029 0.131616013313 1
7.747974872787 0.000000000000 1
1.950569483286 0.000000000000 1
1.682907536038 0.240426777485 1
0.724585783769 0.000000000000 0
2.204622398947 0.000000000000 1
2.630250425889 0.197437467718 1
1.556276663330 0.394695273515 1
1.343061397180 0.000000000000 1
4.830334874834 1.398545774487 1
1.457415652019 0.967828295277 1
2.563584744108 0.633696329852 0
2.156026779443 0.000000000000 1
2.768806001408 0.000000000000 1
0.877321386614 0.000000000000 1
2.215109080416 0.000000000000 0
5.775286754389 0.000000000000 1
1.373429106058 0.827800301880 0
1.780323681078 1.666890164656 1
0.779319504146 0.563090077205 1
2.779920431816 0.000000000000 1
2.909503305264 0.000000000000 1
3.645948324531 0.362264033231 1
0.344267431034 0.000000000000 0
8.104783286102 3.894123058832 1
0.663799939801 0.000000000000 0
2.946111848965 1.112543819972 1
3.496565037202 2.000491421988 1
5.260171043134 0.000000000000 0
1.994471330035 0.000000000000 0
2.001880881644 0.000000000000 0
4.215940969232 0.000000000000 1
2.033691335858 0.000000000000 1
2.173785000342 0.000000000000 1
0.090357124084 0.000000000000 0
3.450888452051 2.488351288499 0
0.379004368577 0.000000000000 0
6.196389336016 0.369617155970 0
0.463740557377 0.000000000000 0
1.040650961756 0.000000000000 0
3.558705794599 0.000000000000 1
1.671960476826 0.000000000000 1
2.401551731751 0.000000000000 1
1.265698114298 0.000000000000 0
1.513346904657 0.000000000000 0
1.886627816241 1.705214985870 1
2.921118496820 0.000000000000 1
1.451028895715 0.000000000000 1
0.726041156840 0.000000000000 0
1.533121430491 0.724099929547 0
0.024558205545 0.000000000000 0
3.774580991265 0.000000000000 0
0.220679218872 0.000000000000 0
0.679185821325 0.000000000000 0
2.636516970654 0.000000000000 1
1.854472606067 0.000000000000 1
2.235020707475 0.000000000000 0
2.747813899817 1.654812751149 0
2.077093225404 0.000000000000 1
1.900773644717 1.161789634454 1
1.095784062925 0.000000000000 0
3.839220472658 0.000000000000 0
8.939527212331 0.000000000000 1
0.201033380295 0.000000000000 0
1.841946730167 0.000000000000 1
16.402911150426 11.360370509568 1
1.154729548653 0.000000000000 1
1.535573603375 0.000000000000 0
3.565485748935 0.000000000000 1
2.516342064492 1.392375464405 0
3.829009690113 0.000000000000 1
1.305568692334 0.000000000000 0
2.483102967266 2.317986271220 1
1.372256233154 0.000000000000 0
0.706160443846 0.000000000000 0
3.787713507157 1.324827723804 1
3.082229990113 0.000000000000 1
3.830437782587 0.000000000000 1
9.445094356851 6.234015608579 0
1.501771171813 0.000000000000 1
4.045710197359 2.793883657769 1
2.528468224627 0.000000000000 0
2.190524042773 0.000000000000 0
2.079429824560 1.115984345134 1
1.378267681508 0.000000000000 1
1.953996810130 1.476331615259 1
1.081224838930 0.000000000000 0
6.087212908270 1.425120088460 0
3.150053399557 0.000000000000 0
1.197944420373 0.000000000000 0
0.298560749395 0.000000000000 0
2.178282874576 0.000000000000 1
1.587971967436 0.000000000000 1
3.522971578671 0.900644106899 0
0.030723279406 0.000000000000 0
1.966318294827 0.000000000000 1
2.565950764962 0.289158712832 0
1.802377316347 0.000000000000 0
3.798704449506 0.000000000000 1
1.372453732938 0.295307684636 0
4.231836099062 0.000000000000 0
2.197787107875 0.000000000000 0
0.001731624878 0.000000000000 0
3.316502281056 0.000000000000 1
9.368945967992 2.875584603926 1
2.445260270459 0.000000000000 1
2.380214619912 0.000000000000 0
0.922941115700 0.000000000000 1
2.287513446375 0.000000000000 0
1.925870539061 0.179779305155 1
4.452083630719 1.710838330028 0
3.329235640837 0.000000000000 1
1.269390127709 0.000000000000 0
3.251972316803 0.949366236436 1
4.239690369039 0.543905680741 1
1.736761967120 0.000000000000 0
2.128845459319 0.000000000000 1
1.979700729029 0.015632516299 1
7.827654895646 7.727720252272 1
1.725295940613 0.000000000000 0
1.314941694002 0.000000000000 0
3.740080076067 0.000000000000 1
3.285217071067 0.000000000000 1
6.677923675179 0.251267295581 1
4.745428513485 4.356302944454 1
5.314868389580 2.721845796076 1
0.430072159685 0.000000000000 0
0.428074908585 0.284721934206 0
7.471253707020 4.050206581254 1
3.375662717838 2.430760449398 1
2.499646024561 0.000000000000 1
3.396657250133 0.411860515486 1
1.364670269929 0.000000000000 0
1.765979605650 1.335854812902 1
3.331323932017 0.000000000000 1
0.792497632943 0.000000000000 1
1.089242176499 0.000000000000 0
3.890843393728 2.764494842529 1
2.607914329179 0.000000000000 1
2.008696803206 0.278308489879 1
1.910125630458 0.000000000000 1
1.402574205490 0.000000000000 0
3.524215733764 0.000000000000 1
1.187414041773 0.000000000000 1
1.094031270186 0.289130942875 1
3.793459525713 2.094984296698 1
3.592246051539 0.000000000000 1
2.432330121558 0.000000000000 1
4.161790586747 0.000000000000 1
1.580575314757 0.000000000000 1
4.069871656842 3.511102428807 1
2.385082815396 1.793030758637 1
1.545645210569 0.000000000000 0
1.580909991959 0.000000000000 1
2.205101222066 0.000000000000 0
3.544706032433 1.910086041431 1
2.712231908344 2.339614650483 0
2.468777724727 0.000000000000 1
2.069332154936 1.371051275993 1
0.856523349868 0.810565271993 0
2.362660659092 0.708924748029 1
0.764040627993 0.000000000000 0
6.080275605834 0.000000000000 1
2.310944930325 0.000000000000 0
0.386177509090 0.000000000000 0
1.455591851151 0.000000000000 0
0.925398291039 0.000000000000 1
1.559005327381 0.796015439533 1
4.146926056708 1.826806608844 1
8.404998759710 3.880587155260 1
1.627059056111 0.000000000000 0
0.484198427254 0.000000000000 0
4.865772700837 0.000000000000 1
3.728541317790 2.366937111926 1
0.491831658577 0.000000000000 0
5.077249759025 4.750339506236 1
1.522883661532 0.291088116089 1
6.864207696769 0.000000000000 1
3.045523200344 2.092591443111 1
0.988179549394 0.000000000000 0
2.086307954158 0.000000000000 1
4.502560903987 0.658219925368 1
1.430887982459 0.000000000000 1
3.546601091632 1.665155593920 0
2.647389015377 0.000000000000 0
1.090112074740 0.000000000000 1
1.683653369321 1.532250156563 1
1.056830207525 0.000000000000 0
2.378435529429 0.000000000000 1
1.904573557707 0.000000000000 0
2.197383513522 0.000000000000 0
1.344534054712 0.000000000000 0
3.402012094269 0.000000000000 0
1.937697571165 0.537284837158 1
0.410919958530 0.000000000000 0
1.295619373984 0.000000000000 0
3.155784489464 0.000000000000 1
2.154463791076 0.000000000000 0
3.240737363082 0.000000000000 1
4.879761900007 2.355437844328 0
1.273240047019 0.271086904256 1
2.575834240008 0.771324493385 1
2.260326550156 0.000000000000 1
1.750680596823 0.000000000000 0
1.891706757875 0.000000000000 1
2.173510260586 0.000000000000 0
2.469104126960 0.000000000000 1
2.714379653022 0.000000000000 1
2.222200764663 0.000000000000 1
0.611747603103 0.198456021047 0
5.035137073029 3.337790391903 1
1.782214627636 0.371133211850 1
1.650409087904 0.000000000000 1
3.667347986408 3.614790533101 1
1.084265800218 0.317660473047 1
7.464797232149 5.235111695364 0
2.711450784360 0.000000000000 1
9.256350865819 7.226039128330 0
2.384735161828 0.000000000000 1
3.122203710879 1.347147888602 1
3.507622293466 1.106049481155 1
2.227993413700 0.000000000000 0
5.769901919760 0.000000000000 1
1.031825596283 0.000000000000 0
0.104204511295 0.000000000000 0
1.265778189313 0.557687993486 0
2.108652975950 0.572579981742 1
1.969822396487 0.000000000000 0
0.694504236650 0.000000000000 0
1.831472106587 0.183520641012 0
3.836248459726 0.000000000000 1
4.696988791783 0.000000000000 1
5.897173112750 0.000000000000 1
1.736364472421 0.000000000000 1
0.992315646544 0.000000000000 0
2.124107243292 0.000000000000 1
1.592483317349 0.000000000000 1
1.751886438896 0.000000000000 0
2.359961169267 0.000000000000 0
2.619081674375 0.000000000000 1
3.133298232071 0.000000000000 1
0.753651816426 0.000000000000 1
2.522025971003 0.000000000000 0
0.287495829847 0.000000000000 0
4.516717920224 0.000000000000 1
4.069889800146 0.000000000000 0
0.910941002208 0.000000000000 0
3.227895450504 0.000000000000 1
1.484487603887 0.000000000000 1
1.850607044778 1.527448710010 1
1.642484204641 0.000000000000 1
2.940265567329 2.555776518510 0
1.184269663588 0.000000000000 0
0.449083246673 0.000000000000 0
0.694492143554 0.000000000000 0
2.073847804444 0.393772082403 1
9.163631557545 1.515026706554 1
2.088218879369 0.000000000000 1
1.925343916075 0.321462566233 1
2.111093063232 0.000000000000 0
3.765348067891 0.000000000000 0
2.036251915933 0.000000000000 1
4.903865676188 3.630522528562 1
3.879691660958 2.178228738890 1
1.900999903268 0.000000000000 1
1.161672852136 0.389771266089 0
2.584319933195 0.000000000000 0
2.558677667410 0.000000000000 1
4.480266705504 0.000000000000 1
2.902688188547 0.000000000000 0
1.757787124268 0.000000000000 1
3.729278124770 0.000000000000 0
3.570737460105 3.497833024355 0
5.569061199212 4.921459449826 1
5.619881804420 1.546040195725 1
7.980003854330 4.670164105486 1
0.931229825606 0.000000000000 0
0.559855880009 0.000000000000 0
3.029576837336 0.645721716572 0
2.734873115239 1.047005984551 1
1.993140863294 1.116154622437 1
1.753443101260 0.000000000000 0
1.685389685725 0.000000000000 0
0.534966881895 0.000000000000 0
3.129190083034 0.000000000000 1
3.444381771665 1.218991193167 0
1.301565940522 0.776429114235 1
3.311986106888 0.000000000000 1
3.523198040857 3.231794748550 1
2.480654174029 0.000000000000 0
5.516094148188 1.382740352827 0
0.996821033202 0.000000000000 1
4.743783849210 0.000000000000 1
2.287237810120 1.455151160306 0
7.342966048319 6.232289648742 1
1.966555191874 0.000000000000 0
5.407064861646 5.007825896008 1
6.649338071681 5.493050185279 1
1.324341659841 0.000000000000 1
0.427214081453 0.000000000000 0
2.599028039150 2.391741542542 1
1.160314534412 0.000000000000 1
4.027516212308 1.838902238798 1
0.238381021362 0.000000000000 0
5.166506774008 0.000000000000 0
2.725442416585 0.000000000000 1
4.487103893508 0.000000000000 1
4.205735073938 0.000000000000 1
1.930259838072 0.000000000000 0
1.586385924058 0.000000000000 0
2.433100140900 0.000000000000 1
2.493891476202 0.000000000000 1
0.763365358657 0.000000000000 1
2.397328579521 0.000000000000 1
2.707700239114 0.000000000000 1
2.340021879414 0.000000000000 1
0.329455709085 0.000000000000 0
3.775510009404 0.000000000000 1
5.346261264033 0.709560845479 1
2.508098760202 0.000000000000 1
2.155969772967 2.131121218029 1
2.083204993959 0.000000000000 1
0.124367137224 0.000000000000 0
1.344060146688 1.184349689489 1
2.234265793053 0.000000000000 0
2.653857716235 0.000000000000 1
2.154322996942 0.000000000000 0
0.937974625027 0.000000000000 1
1.445846734001 0.000000000000 1
1.520306507363 0.000000000000 1
3.333934429178 0.000000000000 1
3.770575122380 0.000000000000 1
2.543351994247 0.000000000000 1
1.992983049166 1.657327260963 1
1.967464432822 0.000000000000 0
2.250903372631 1.012526142272 1
8.594985015299 6.140414940581 1
2.922920292858 0.000000000000 1
0.688062445706 0.000000000000 1
0.152453368585 0.000000000000 0
2.587109233991 0.687007866909 1
1.510620723314 0.000000000000 1
1.510824612277 0.000000000000 1
6.390905765347 0.000000000000 1
1.428226829958 0.000000000000 0
2.036558675635 0.000000000000 1
3.059959853710 0.000000000000 1
6.502933479239 3.412472380688 1
1.437524270703 0.959767927948 1
6.178274934593 0.000000000000 1
0.045711390848 0.000000000000 0
0.813626468384 0.000000000000 0
3.773674779763 0.000000000000 1
2.990579524199 0.000000000000 1
0.603719507284 0.000000000000 0
0.918760809078 0.000000000000 0
1.331682928909 0.000000000000 1
1.502524678847 0.000000000000 1
0.451757707576 0.000000000000 0
0.290204229288 0.000000000000 0
3.407544127829 0.000000000000 1
2.298031546351 0.000000000000 1
0.053223468883 0.000000000000 0
3.288286397856 3.254306205413 0
3.207157736254 0.610086841648 1
3.711524434642 3.343778884827 1
0.908002122922 0.000000000000 0
2.931890763660 0.000000000000 1
1.991525858180 0.000000000000 0
3.294585968003 0.000000000000 0
3.070281856457 0.000000000000 1
3.684381405874 2.988524945639 1
1.466757953872 0.000000000000 0
1.439133114941 0.811658454581 1
4.238121867223 0.000000000000 1
2.935602709258 0.143336524919 1
2.174579964488 0.000000000000 1
5.272793672720 0.000000000000 1
1.713429373231 0.000000000000 1
0.402788852186 0.000000000000 0
0.286700263756 0.000000000000 0
6.429870928931 5.739964949889 1
2.301511890317 0.000000000000 0
5.054955276255 0.000000000000 1
4.107999831527 3.367122908169 1
2.149819132254 0.119100110258 1
1.667517285230 0.000000000000 0
3.180495787351 0.000000000000 1
3.948284302565 0.000000000000 1
3.262668948841 0.000000000000 1
3.914392170902 0.000000000000 1
3.533330853501 0.000000000000 1
2.883385246447 0.000000000000 1
6.731386403566 5.159933663658 1
1.736557085651 0.000000000000 1
2.148422384113 0.000000000000 1
1.924597469899 0.000000000000 1
0.832044017641 0.831361029409 0
6.600600103911 3.315609161020 1
2.269678290321 0.000000000000 0
2.294676169081 0.000000000000 0
1.513624037988 0.000000000000 1
2.878394466659 0.000000000000 1
2.027188088549 0.183871005163 0
8.691205841333 0.000000000000 1
3.042087470268 0.000000000000 1
0.221475813068 0.000000000000 0
1.317884519339 0.000000000000 1
2.106523183787 0.000000000000 1
3.013618347623 0.000000000000 0
1.786863262427 0.000000000000 1
4.565837705845 4.029778234367 0
2.088684930248 0.000000000000 0
3.998818012206 0.000000000000 1
2.998273923863 0.000000000000 1
1.026276058018 0.000000000000 1
4.457867206305 0.000000000000 1
2.839897714821 2.207014903371 1
2.217021059680 0.000000000000 1
4.346524248306 0.380029348002 1
1.296643169379 0.000000000000 1
2.689289625544 0.000000000000 0
2.954197201275 2.436778903206 1
1.520643790313 0.000000000000 0
0.846868582098 0.000000000000 0
0.830230218099 0.000000000000 0
1.772508246870 0.000000000000 1
2.251644950805 0.000000000000 0
2.765473481376 0.000000000000 0
2.996094737658 0.000000000000 0
0.442418084093 0.000000000000 0
1.847753590983 0.000000000000 1
4.454177962493 4.310417058870 0
5.204894040717 0.000000000000 0
5.182795861907 0.000000000000 1
1.736001640833 0.245126321432 1
3.258429489425 2.430884970523 1
1.429067015494 0.000000000000 1
2.677764433740 0.452198184484 0
0.874184382426 0.000000000000 1
4.464168564227 0.000000000000 0
0.338950973292 0.000000000000 0
1.652552601784 0.000000000000 0
2.637837345064 0.000000000000 0
0.886887814704 0.000000000000 0
7.380516510835 5.296623966491 1
2.405345786275 0.000000000000 0
1.204186664168 0.000000000000 1
1.905254146509 0.000000000000 1
1.803419964154 0.000000000000 1
0.833364395444 0.000000000000 0
0.169358729506 0.000000000000 0
2.350202758640 0.000000000000 1
5.808234251603 4.441615407040 1
3.131439790210 0.000000000000 1
2.189542158828 0.000000000000 1
1.811839878168 0.549147663600 0
0.295175089405 0.000000000000 0
1.963526149660 0.427623378333 0
3.443154185960 1.645084745780 1
2.639634064002 0.000000000000 1
3.294782637331 0.000000000000 0
4.826396492994 0.000000000000 1
7.109127395150 5.295605684859 1
1.393841873747 0.000000000000 0
0.047086036098 0.000000000000 0
2.143015792569 0.000000000000 0
1.901467979137 0.000000000000 1
3.069598618275 1.495947856486 1
3.197257208391 0.000000000000 1
0.697006435029 0.000000000000 0
2.071560613388 0.000000000000 1
1.413755770026 0.000000000000 0
1.003143376394 0.000000000000 0
2.876668040151 1.344398305155 0
0.588648713577 0.000000000000 0
2.051213990849 0.000000000000 1
3.739138148370 0.000000000000 0
2.183129623835 0.000000000000 1
1.755732774048 0.000000000000 1
2.481747048719 0.741661906025 1
3.244287676674 0.000000000000 1
1.449772429051 0.000000000000 1
2.219289679671 2.076304563377 1
3.605798893668 2.945217240519 1
2.091770556307 0.077005897906 1
1.900769289808 0.000000000000 0
3.923987131894 0.000000000000 1
7.801111593454 7.632628217105 1
2.039269782791 0.000000000000 1
4.345709869117 1.020180737154 1
1.727634397821 1.270119162198 1
0.816483958698 0.000000000000 0
0.252429768882 0.000000000000 0
3.856921139896 1.371938751720 1
4.250565589402 0.591264412163 1
2.727893661443 2.027581653710 1
2.426911307455 1.110240461313 1
1.683761007993 0.000000000000 1
2.043500278181 0.000000000000 1
4.414444120064 2.652207039078 1
4.384226269431 0.000000000000 0
3.226857829254 0.000000000000 1
2.832716672212 0.000000000000 1
2.760642764640 0.000000000000 0
0.415673909212 0.000000000000 0
0.431201572070 0.000000000000 0
4.298533174329 0.000000000000 1
4.129354163788 0.000000000000 1
3.688135734192 0.000000000000 1
2.403185735032 0.000000000000 1
1.730233940684 1.651217334372 1
0.567637926482 0.000000000000 0
2.937743833439 0.000000000000 0
1.561431858706 0.000000000000 1
1.635201366782 0.000000000000 1
1.097076501892 0.000000000000 1
3.011909038859 0.000000000000 1
2.444276094886 0.000000000000 0
1.424521946072 0.000000000000 1
1.414735406274 0.000000000000 0
1.264660427834 0.000000000000 0
4.084880604796 0.000000000000 1
0.474155007652 0.000000000000 0
2.563000583540 0.000000000000 0
1.818244843861 0.891566467297 1
0.794471696439 0.000000000000 1
4.029882775072 0.000000000000 0
2.330122400978 0.000000000000 1
1.997670555921 0.000000000000 1
2.683426717464 0.000000000000 1
3.033651409123 0.000000000000 1
1.317931765108 0.000000000000 1
4.369403275883 0.000000000000 1
4.041008008948 2.926562296383 1
0.053012403108 0.000000000000 0
2.662288928214 0.000000000000 1
3.273087522013 0.000000000000 1
1.786902762916 0.000000000000 1
2.693341704006 0.000000000000 1
0.547253908660 0.000000000000 0
1.847969205282 0.000000000000 1
0.131553745535 0.000000000000 0
3.106693097134 1.370115044666 1
1.405481972796 0.000000000000 0
1.800843143878 0.000000000000 1
9.040734361902 5.064268916716 1
4.099266194586 3.138512206965 1
2.211821589785 1.846507635519 1
3.213065615594 0.000000000000 1
4.575303393959 0.000000000000 0
1.721444334933 0.000000000000 0
0.707043358315 0.000000000000 0
2.935073853697 0.385445904628 1
1.554558824751 0.000000000000 0
2.692167634140 1.670119020463 1
4.418477650739 0.000000000000 1
3.250225633636 0.000000000000 1
2.969991353267 2.245804562976 1
5.293109045742 0.730874577962 0
4.258890935662 3.895055466744 1
3.150951781510 0.000000000000 1
1.698056094367 0.000000000000 1
3.681268035094 2.790455110959 0
3.708604463168 0.000000000000 1
4.379178645422 0.000000000000 1
1.561218029151 0.000000000000 1
3.351659470245 0.000000000000 0
0.543187317800 0.115507916483 1
0.862160317287 0.000000000000 1
4.792725045240 2.702730622923 0
2.395620819854 0.000000000000 1
1.442964099226 0.000000000000 1
2.126636485745 0.000000000000 0
0.842386283027 0.000000000000 1
3.999365275402 3.933582189034 1
2.647613296634 0.000000000000 1
0.175204355106 0.000000000000 0
7.399885997247 0.000000000000 1
3.873310408382 0.000000000000 1
1.156535961587 0.000000000000 0
3.985331475138 0.000000000000 0
1.076191235818 0.000000000000 0
1.526116599341 0.000000000000 0
2.751745494707 1.853003713455 1
4.383721921059 0.000000000000 0
2.741029398001 1.452052141936 0
1.764155058636 1.082677309781 0
2.681896373520 0.301501456300 1
1.946572941686 0.000000000000 1
2.432206761218 0.000000000000 1
2.169507064715 1.832050933382 0
0.549505737493 0.000000000000 0
4.679785671822 1.933322533768 0
1.255198329902 0.000000000000 1
1.596748205408 0.955503275121 0
2.266665039782 0.979582563608 0
1.857861229917 0.000000000000 1
1.594603603004 0.000000000000 0
3.172099049025 2.623558811010 1
0.936568035325 0.000000000000 0
0.560234867767 0.000000000000 0
2.856953381660 2.075486545943 1
1.599844240761 0.000000000000 0
1.678192679734 0.000000000000 1
2.460117567913 0.000000000000 1
3.104598544447 0.000000000000 0
2.190810151922 0.000000000000 1
3.112597609520 0.000000000000 1
4.197361133721 0.000000000000 1
4.967678141293 0.000000000000 0
0.174968029353 0.083542706203 0
2.484524092459 0.000000000000 1
1.592543511765 0.466374044135 0
1.477191846890 0.599862863842 0
0.151204585714 0.000000000000 0
0.141744741668 0.000000000000 0
1.203123879217 0.000000000000 1
1.410725195593 0.000000000000 1
2.578438875999 0.000000000000 1
0.198626411076 0.000000000000 0
3.387645199397 2.236182366858 0
4.388105690277 0.000000000000 0
1.539146066599 0.000000000000 1
0.843562209073 0.000000000000 0
0.931894966146 0.000000000000 1
3.096368943566 0.000000000000 0
0.481244461099 0.000000000000 0
3.675933713693 0.000000000000 1
8.223902351665 6.094135153653 1
1.700630215767 0.000000000000 0
1.354340348288 0.000000000000 0
0.278146691122 0.000000000000 0
7.486559489877 0.000000000000 1
1.742629896313 0.000000000000 1
0.291309563426 0.000000000000 0
2.074606143492 0.000000000000 0
2.105539970742 0.000000000000 1
3.777309250885 0.000000000000 0
3.242015386695 0.000000000000 1
1.439593102330 0.000000000000 0
2.876700262555 0.000000000000 1
1.892389673422 0.000000000000 1
0.621702281588 0.058994070373 1
1.680346598096 0.000000000000 1
3.241986388316 2.595507007121 0
2.673460705269 0.000000000000 1
2.884299323872 1.764145624803 1
5.493909079162 0.000000000000 1
0.872976122220 0.437438909732 0
4.258895726890 2.410985739292 0
1.972279812198 0.061693576296 1
2.963282500160 0.000000000000 1
3.687331368296 0.000000000000 0
0.657804997010 0.000000000000 0
3.200698362497 0.000000000000 1
2.775725622941 0.000000000000 1
4.638986322225 3.643563047313 0
3.812907623577 0.831827938399 1
2.868667109452 2.309604155081 0
1.711569687730 0.000000000000 1
1.122072923078 0.000000000000 0
1.985043171460 0.000000000000 1
1.788430533756 0.083171105690 1
3.543951486904 1.374480240246 1
1.473523268983 0.000000000000 1
1.357130741078 0.000000000000 0
2.730212375927 2.246555730778 1
2.928881136091 0.000000000000 0
0.044843518007 0.000000000000 0
5.389319430331 5.347429249769 0
0.165226513032 0.000000000000 0
2.538219379906 0.000000000000 1
1.942397760484 0.000000000000 1
1.856691908662 1.564809675691 1
1.528202242703 0.000000000000 0
0.754436057613 0.000000000000 1
0.628305905789 0.000000000000 0
0.944232833213 0.000000000000 0
3.144197974808 0.000000000000 1
1.993519913004 0.570727696978 0
6.294891371688 5.353424183022 1
3.453998013960 0.000000000000 1
5.406527136517 3.612314824545 0
2.865761070433 0.000000000000 1
3.209201820679 0.276280278550 1
0.921775341116 0.000000000000 1
0.418869398007 0.180218034463 0
3.551732398620 0.000000000000 1
1.890517399856 0.000000000000 1
2.569932679326 0.000000000000 0
5.387753900247 3.463813517914 1
0.267015415322 0.000000000000 0
2.969968319106 0.000000000000 1
3.923110647833 0.000000000000 0
2.084197792631 0.000000000000 0
1.626741331369 0.000000000000 1
3.351823283178 2.855127766199 1
1.866919145975 1.728537342938 1
2.599628839951 0.000000000000 1
0.867085432529 0.000000000000 0
1.218123358877 0.720888185178 1
7.012876944818 0.000000000000 0
2.282046016342 1.822469161682 1
0.790295709384 0.000000000000 0
3.470964221730 0.000000000000 1
2.928501266921 0.000000000000 1
3.247251186889 0.000000000000 0
4.598109275628 0.512136298844 1
3.624163592506 0.000000000000 1
5.553264046069 0.000000000000 1
5.014499694137 4.717533584323 0
1.776591304182 0.000000000000 0
2.664841727593 0.000000000000 1
0.879344497043 0.000000000000 0
1.597831682534 0.000000000000 1
3.426077297136 0.000000000000 1
2.418528729494 0.437915734299 1
1.891500361227 0.000000000000 1
1.544893358574 0.000000000000 0
2.262791737436 0.000000000000 1
2.019988940109 0.000000000000 1
0.138058290492 0.059218494547 0
3.350680422473 2.869489770979 1
1.060969255135 0.000000000000 0
5.380323764886 0.000000000000 1
1.547288051336 1.348051942233 0
0.947485867699 0.581530518393 0
1.480930851488 0.000000000000 1
1.432713780222 0.000000000000 0
0.398125555265 0.000000000000 0
1.994321120268 0.000000000000 0
0.937979478012 0.000000000000 1
1.999406184218 1.102697220182 1
0.536879447041 0.480455218310 0
1.869243657680 1.757157728335 0
4.043429325921 0.000000000000 1
4.075541186763 0.000000000000 1
2.771982837678 0.553535555773 1
0.305532576537 0.000000000000 0
3.835578032949 0.363267884676 1
0.628507744208 0.000000000000 0
0.917534624099 0.393436731805 1
2.521423275527 2.351613113624 0
2.794562398350 0.000000000000 1
1.439440528147 0.000000000000 0
2.008340072824 1.496206531572 0
0.289891488871 0.000000000000 0
0.403879551489 0.000000000000 0
1.242278317629 0.000000000000 1
3.559317902984 0.191291039349 1
1.351760614644 1.049644178617 1
3.579773147408 2.210347453127 1
4.025239698232 0.000000000000 1
0.785051108482 0.000000000000 0
2.469296177939 0.000000000000 0
1.835708977412 0.000000000000 1
0.748378684907 0.000000000000 1
1.945716972002 0.000000000000 1
8.395904394817 3.489118572210 1
3.959272745820 2.030489575346 1
2.628117226107 0.080128274936 1
3.498061981447 0.000000000000 1
1.604798670742 0.000000000000 0
3.076277917253 0.000000000000 0
2.178340245613 0.000000000000 1
3.379377729673 0.053938242928 1
2.694604824692 0.000000000000 1
1.899501518258 0.000000000000 1
2.329041658549 0.469679815808 1
1.782438973797 0.000000000000 0
3.091663387426 0.000000000000 1
4.052344886982 2.857201333449 1
2.057878163866 0.000000000000 1
1.033461484694 0.000000000000 1
1.933862250775 0.000000000000 1
2.021422501164 0.000000000000 1
8.140963012991 7.865189625671 0
3.559721305775 0.000000000000 1
2.069152137524 0.000000000000 1
3.316318625537 2.438624935725 1
3.061018650177 0.000000000000 1
3.862465212311 0.000000000000 1
2.480023915083 0.000000000000 0
6.137247397059 0.000000000000 0
1.282209027151 0.000000000000 1
3.689267427711 2.528180986419 1
1.475350160125 0.886192363102 0
2.281859758812 0.000000000000 1
0.556762549028 0.000000000000 0
1.506320379881 0.978539852983 1
2.568608890062 2.076642829169 1
0.938372870953 0.000000000000 1
2.787350225769 2.013221315997 1
0.579894882910 0.171096287115 0
1.235629334144 0.000000000000 0
1.864471798727 0.000000000000 1
1.510289963192 0.000000000000 1
1.493963626829 1.121666666200 0
3.648548825447 0.000000000000 1
6.152729217811 5.533019889870 1
1.731727702334 0.000000000000 0
0.523025513124 0.128426507614 0
2.439251979418 0.000000000000 0
2.724590070294 0.991148847105 1
1.132929902439 0.564664716521 0
6.106116475391 2.522605125525 0
2.325727079384 0.000000000000 0
0.159570350350 0.000000000000 0
8.730626878230 0.000000000000 1
1.615477629736 0.000000000000 1
3.096475010095 1.957155005207 0
1.621049065380 0.000000000000 1
1.482198292474 0.000000000000 0
4.804744676922 0.000000000000 1
4.360868143829 0.000000000000 1
1.693398683876 0.000000000000 0
1.375131774881 0.000000000000 0
1.146642182813 0.000000000000 0
3.006221719553 0.000000000000 1
4.338784162385 0.000000000000 0
2.871294701512 0.000000000000 1
0.684538625674 0.000000000000 0
2.394659885012 0.000000000000 0
2.156278818258 0.000000000000 1
3.051408705902 0.000000000000 0
2.113252938839 0.993939285057 1
4.572031993333 0.000000000000 1
2.274367921864 0.000000000000 1
0.395316487206 0.304541804048 0
4.724023641882 0.000000000000 1
2.051534349424 0.000000000000 1
6.907637726818 0.000000000000 0
3.558415965076 0.000000000000 0
1.760535047250 0.000000000000 0
3.730884947513 2.451527086668 1
2.069679669873 0.000000000000 1
5.196258674564 3.429131980543 1
1.374256507861 0.000000000000 0
1.841028534900 0.351799774290 1
0.118034336471 0.000000000000 0
2.719521171776 2.143085476690 1
1.334728462158 0.000000000000 0
3.808273117821 0.000000000000 1
2.387103218020 0.000000000000 0
4.236264516518 3.542188126567 1
0.390450287103 0.000000000000 0
1.884138777880 0.000000000000 1
2.434106397506 2.150901772547 1
2.236791527221 0.000000000000 1
1.390935621242 0.000000000000 1
1.857660089337 0.000000000000 1
2.888175124237 0.000000000000 0
1.662130998230 0.000000000000 0
1.157657408975 0.000000000000 1
2.207639183921 0.000000000000 1
1.415725834612 0.000000000000 0
4.503001693268 3.312785920158 1
1.095677658363 0.000000000000 0
2.024937587616 0.000000000000 1
1.828791146306 0.000000000000 0
1.253833942918 0.000000000000 0
1.430995190535 0.140428277903 0
0.274294601703 0.000000000000 0
3.503223756742 1.962666137645 1
2.472780077009 0.000000000000 1
6.143811135105 0.000000000000 1
4.534758585132 1.216542903251 1
1.818184026220 0.000000000000 1
7.272427676233 0.090426769568 1
0.372879951609 0.000000000000 0
1.944146549674 0.000000000000 0
0.139811730701 0.000000000000 0
3.467532654204 1.316900453712 1
2.050012164529 0.000000000000 1
1.494046816422 0.000000000000 1
6.803115790716 0.000000000000 1
1.358579032949 0.000000000000 1
4.075086074913 0.000000000000 1
2.629964364997 0.000000000000 1
3.943289356574 2.948137245483 1
2.600040989716 1.864326947095 0
4.779541490437 4.301703574398 1
2.929719498970 0.162351895702 1
1.539822739858 0.000000000000 1
2.343526028018 0.000000000000 1
1.083260162678 0.000000000000 0
1.370605082326 0.000000000000 1
4.989098320288 0.000000000000 1
2.097254668027 0.000000000000 1
0.387727775789 0.000000000000 0
7.301627309621 2.406463543245 1
2.225431523703 0.000000000000 0
3.717071552735 3.520366761888 1
2.100853482700 0.000000000000 0
2.849645185307 0.000000000000 1
1.919821914898 0.000000000000 1
5.474352583810 0.000000000000 1
2.787783646016 0.000000000000 1
4.740278489455 4.685719785937 1
1.198692870610 0.000000000000 1
3.340787059740 0.000000000000 1
3.404219698607 0.000000000000 1
3.123929739002 1.699522209094 1
1.495962289027 0.000000000000 1
3.841979321286 0.000000000000 0
0.373311291349 0.047331273743 0
5.565303523489 0.000000000000 1
1.838254530396 0.000000000000 1
1.416950999455 0.226056299530 0
3.841306456313 0.000000000000 0
1.695600775119 0.000000000000 1
1.185597687688 0.000000000000 0
1.784128260671 1.074031088771 1
2.253412172674 0.000000000000 1
1.613824742941 0.000000000000 1
3.766854333067 0.000000000000 1
2.287743533346 0.000000000000 1
1.409843637115 0.000000000000 1
9.530578354305 3.981424143361 0
4.961838831996 3.404594355529 1
1.625138212968 0.000000000000 1
2.310025813384 0.000000000000 1
2.000371150040 0.000000000000 0
1.795170203617 0.000000000000 1
3.109766920471 1.513569979886 0
2.693412609838 0.000000000000 1
1.933893857758 0.000000000000 0
0.186110009001 0.096870339198 0
3.791994147903 2.047670653052 1
0.684473364323 0.000000000000 0
3.454985805500 1.602405201451 0
1.149417495657 0.000000000000 0
4.711592147135 0.000000000000 1
1.243530383539 0.000000000000 1
1.571891106173 0.000000000000 1
2.814110241270 0.000000000000 1
0.022044425571 0.000000000000 0
3.449526865762 0.097562346123 1
3.872822813429 2.544688997899 1
1.431302479202 0.000000000000 1
0.396931535381 0.000000000000 0
1.452407446459 0.000000000000 1
3.779042559140 0.241759186405 1
3.403144110205 0.029531385925 1
1.706028290466 0.000000000000 0
0.960186041232 0.000000000000 0
0.607827812072 0.000000000000 0
1.606047282716 1.054389139431 1
1.275712207262 0.000000000000 1
3.759141553006 0.000000000000 1
1.580487819402 0.000000000000 0
1.108447472184 0.000000000000 0
1.808807439667 0.000000000000 1
0.522180241145 0.000000000000 0
2.456892847146 1.027118671158 1
1.502328187340 0.000000000000 0
2.704207527946 0.000000000000 1
3.555673354414 0.000000000000 0
4.647759336635 0.003338547121 1
1.518655497116 0.000000000000 0
1.728664134280 1.111480274143 0
2.122354403252 0.000000000000 1
2.009597463134 0.000000000000 1
0.219704743574 0.000000000000 0
5.652569936400 2.889294380592 1
3.172828087193 0.000000000000 1
3.847002225593 2.322254001494 0
1.905538528455 0.000000000000 1
6.578054614363 5.620936656126 0
1.221100128403 0.000000000000 1
1.963663616828 1.764532991588 0
1.410263904462 0.000000000000 0
0.838691863042 0.000000000000 0
3.615579807964 0.000000000000 1
2.886640299724 0.045935783968 1
3.314029187045 2.665809174294 1
