2.814430454718 0.000000000000 1
0.523592760601 0.164751193598 0
4.660525668820 0.000000000000 1
2.455636366484 0.000000000000 1
2.907799872513 0.554463323090 1
2.773293824760 0.000000000000 1
2.791325302997 0.556627697203 1
0.800415844978 0.192610225982 1
2.364082221341 2.045282031456 1
1.894608571319 0.375460639878 1
3.267404060072 0.000000000000 1
2.113181451185 0.000000000000 1
2.984121483743 0.000000000000 1
3.269641983405 0.000000000000 1
4.657482270962 0.000000000000 1
2.360792347556 0.000000000000 0
1.496745292330 0.000000000000 1
8.062948972291 0.000000000000 1
1.236763271626 0.000000000000 1
0.819269804828 0.000000000000 0
2.712858015264 1.964802475466 1
2.020155674585 0.000000000000 1
1.970197869090 0.000000000000 1
1.294382962685 0.000000000000 1
2.097510504632 0.000000000000 1
0.725554642074 0.975518135355 0
3.190395384875 1.455718857911 0
0.379813060897 0.000000000000 0
2.831194741337 0.099722555719 1
1.436901365302 0.000000000000 0
4.085347272029 0.000000000000 1
7.747974872787 0.000000000000 1
1.950569483286 0.000000000000 1
1.682907536038 0.120213388742 1
1.132551503472 0.000000000000 1
2.204622398947 0.000000000000 1
2.630250425889 0.098718733859 1
1.556276663330 0.197347636757 1
1.343061397180 0.000000000000 1
4.830334874834 0.699272887243 1
1.457415652019 0.483914147638 1
4.101735590573 0.316848164926 0
2.156026779443 0.000000000000 1
2.768806001408 0.000000000000 1
0.877321386614 0.000000000000 1
3.544174528666 0.000000000000 0
5.775286754389 0.000000000000 1
1.199767225949 0.413900150940 0
1.864807588732 0.076094084765 1
1.329114367565 0.000000000000 1
0.779319504146 0.000000000000 1
2.779920431816 0.000000000000 1
2.909503305264 0.000000000000 1
3.645948324531 0.181132016615 1
0.550827889655 0.000000000000 0
2.858337507746 1.947061529416 1
2.874467905170 0.000000000000 1
1.062079903682 0.000000000000 0
2.946111848965 0.556271909986 1
1.259073419717 1.000245710994 1
1.445167500764 0.000000000000 1
5.452254811142 0.000000000000 0
2.050694057467 0.000000000000 1
2.106242306323 0.000000000000 1
1.813699201164 0.000000000000 1
3.867262919195 0.000000000000 0
1.930344868595 0.000000000000 1
4.443414898892 0.472555447924 0
4.319438379246 0.000000000000 1
2.436132908824 0.245084688934 1
3.467450177874 0.000000000000 1
1.820656320200 0.000000000000 1
3.558705794599 0.416576997565 1
1.671960476826 0.000000000000 1
2.401551731751 0.000000000000 1
2.025116982877 0.000000000000 0
2.421355047450 0.000000000000 0
1.467380913465 0.852607492935 1
0.770538699460 0.000000000000 0
4.649024890860 0.000000000000 0
0.896391307713 0.000000000000 0
0.057719601377 0.182046238596 0
3.969726066377 0.306624286098 1
5.197665507152 2.002899659043 1
0.353086750195 0.000000000000 0
1.086697314119 0.000000000000 0
2.636516970654 0.000000000000 1
1.854472606067 0.000000000000 1
2.901207068313 0.000000000000 1
3.069605387888 0.827406375575 1
2.077093225404 0.000000000000 1
1.900773644717 0.580894817227 1
1.563186411571 0.000000000000 1
3.880453947200 0.000000000000 1
8.939527212331 0.000000000000 1
0.321653408472 0.000000000000 0
1.841946730167 0.000000000000 1
6.338145033941 5.680185254784 1
2.370040000939 0.000000000000 1
1.491005373865 0.000000000000 0
2.862273997839 0.000000000000 0
1.366918224403 0.000000000000 1
4.696597908680 0.000000000000 1
1.938701443159 0.180212838680 1
5.982454863602 0.000000000000 1
2.986823203282 0.000000000000 1
1.461033650665 0.000000000000 1
3.220608951551 0.288361082689 1
3.475048961361 2.988892758349 1
4.838218342458 0.000000000000 0
9.784790915082 0.021345368616 1
1.093281734386 0.394354122426 1
6.078087973845 0.000000000000 1
4.849965626834 0.000000000000 1
2.904054228517 0.105824627745 1
1.882537901361 0.000000000000 1
2.791157026663 0.000000000000 1
2.853145497054 0.000000000000 0
7.289058062494 0.000000000000 1
1.189655350773 0.000000000000 0
0.090495811294 0.000000000000 0
2.171340635008 0.000000000000 1
1.914876724517 1.776486247298 1
1.695353803744 0.353033212094 1
2.182231540469 0.000000000000 1
2.201114060566 0.806465088241 1
1.863030210299 0.000000000000 0
1.390472774863 0.906941897015 0
1.359885563420 0.545698546079 1
3.043576235427 0.000000000000 1
2.506662496987 0.000000000000 1
3.157751190932 0.000000000000 1
4.527547878388 0.000000000000 1
1.961563867651 0.000000000000 1
2.451091919028 0.539770441958 1
1.185910188657 0.000000000000 0
1.180054669882 2.103199041759 0
4.729349208444 0.000000000000 1
2.031064324416 0.000000000000 1
1.967528068835 0.000000000000 1
5.380753421093 0.000000000000 1
4.714052632120 0.000000000000 1
0.721187899144 0.000000000000 0
3.151390636264 1.193689448055 1
1.067395673514 0.108669991331 1
0.679267163624 1.792470652666 0
1.068440666906 0.000000000000 1
0.505119016483 0.408615727442 0
2.730692926844 1.437739836430 1
3.028303653193 0.000000000000 1
0.391818850966 0.000000000000 0
2.129233481138 0.396413867733 1
2.775717328348 0.284476035601 0
2.166574204870 0.000000000000 0
1.180369072380 0.000000000000 1
3.159415639126 0.000000000000 1
2.038775162197 0.000000000000 1
3.003816439118 1.033654193722 0
4.036295434242 0.632235683842 1
2.274242024336 0.000000000000 1
1.284134823181 0.000000000000 1
3.642895473676 0.795762894604 1
0.949332603399 0.000000000000 1
1.688037004992 0.784428742582 1
4.737297631924 0.000000000000 1
4.059108168844 0.000000000000 0
0.193095652485 0.000000000000 0
2.701358872937 0.000000000000 1
1.656333575302 0.000000000000 0
2.621082249494 0.000000000000 1
0.993632489186 0.000000000000 0
2.245353036422 0.000000000000 1
4.401245751960 0.613981553804 1
2.110426103469 0.953775958986 1
3.838128433799 0.000000000000 1
2.533903079417 1.619036623403 1
1.686893794397 0.000000000000 1
2.203856106689 1.062900015618 1
4.916361048727 0.000000000000 1
4.106217027657 0.000000000000 1
2.210533186402 0.000000000000 1
3.910093755085 0.873147658722 1
3.046428230824 2.413694526765 0
2.472143537002 0.000000000000 1
1.316673839902 0.000000000000 0
1.461419006090 0.309170325434 0
3.247015288658 0.000000000000 1
4.468949767052 1.594536894168 1
6.290249822776 0.000000000000 1
7.986802518853 0.000000000000 1
2.265030549810 0.985214437289 1
2.692827059895 0.151085432751 1
1.705095658780 0.000000000000 1
2.099292603270 0.000000000000 0
1.527537110536 0.000000000000 1
1.375510813157 0.000000000000 1
2.444977774940 0.000000000000 1
2.264405455164 0.000000000000 1
4.023547650178 0.000000000000 1
3.235253156710 0.384889147671 1
1.687314524446 0.000000000000 1
2.294015355865 0.000000000000 1
1.004779234197 0.000000000000 0
6.542948487399 0.000000000000 1
3.739409365049 0.000000000000 0
2.283194779704 0.000000000000 1
0.814986129328 0.000000000000 0
2.991583073698 0.000000000000 1
0.696933138654 0.000000000000 0
3.917028436694 1.262654570789 1
0.725756197361 0.000000000000 1
1.028756025206 0.000000000000 1
2.254486218570 1.702109940729 1
3.195237554881 0.000000000000 0
4.819936223323 0.000000000000 1
1.176519938910 1.200954405048 0
0.047521478484 0.000000000000 0
6.009776801281 0.000000000000 1
2.154426820217 0.000000000000 1
4.373184039395 1.589404540575 0
3.877470855279 0.000000000000 0
2.132637531606 0.000000000000 1
1.152019703343 0.000000000000 1
0.697871037866 1.302457310860 0
3.259271817921 0.584142377688 1
4.092642857633 0.000000000000 1
3.792064445026 0.083316212152 1
3.120220835628 2.176471306709 1
0.973337324106 0.407466097332 0
2.396060498902 0.000000000000 1
7.355788061112 0.249550650231 1
4.880844362764 3.251821323318 1
0.191232473279 0.382528570989 0
1.730270544911 0.000000000000 0
1.272314147214 0.000000000000 0
3.877888125549 0.000000000000 1
4.969461383337 1.287793552915 0
2.179990548295 0.000000000000 0
0.983715244648 0.000000000000 1
5.531828524235 1.686394018655 0
3.343606269070 0.564651054367 1
1.037182241312 0.000000000000 1
2.181786135344 0.000000000000 0
3.184897302462 1.133237310560 1
0.019191889990 0.000000000000 0
1.554250716148 0.000000000000 0
0.394623682554 1.354290775303 0
1.236050849461 1.801811987464 0
2.638442342732 0.000000000000 1
0.853405911480 0.000000000000 1
4.224852387216 0.000000000000 1
3.554925793383 0.000000000000 1
2.555562804597 0.000000000000 0
1.925307429563 0.297409247867 0
3.189357797713 0.000000000000 1
2.442344932190 1.323391371648 1
2.067922558004 0.000000000000 1
3.223926602932 0.000000000000 0
0.937788751719 0.000000000000 1
3.234551034138 0.000000000000 1
1.986065017180 0.855118929991 1
3.258305488903 0.000000000000 1
2.565337631456 0.000000000000 1
0.170095705691 0.611359934064 0
2.567031266198 0.724161103933 1
0.304225851596 0.000000000000 0
6.799020072858 0.000000000000 1
3.320509881326 0.000000000000 1
2.058848994348 0.000000000000 1
0.174048301215 0.000000000000 0
1.938522809610 0.000000000000 1
2.490608340089 1.311311291560 1
0.823544999122 0.000000000000 0
2.991230861508 0.343691060374 1
0.265913109702 0.000000000000 0
2.023532732189 0.000000000000 1
2.164587524599 0.000000000000 1
3.400277735296 0.479624859837 1
3.542227841383 0.309727689656 1
3.732926720913 0.000000000000 1
3.641697563545 0.222571094568 1
4.398136093574 0.037271459343 0
3.386986753958 0.000000000000 1
2.972309257900 0.000000000000 1
7.470148059321 0.161797035332 1
4.869137661510 0.000000000000 1
0.193814937867 0.000000000000 0
2.741137606749 0.213820688208 0
0.929786730045 0.000000000000 0
4.024159041806 0.000000000000 1
3.181690848222 0.771289434579 1
5.185741172348 4.076525152621 0
1.796237905348 0.484055568758 1
2.351968552686 0.538961066384 1
0.858115017455 0.000000000000 1
1.752722731281 0.000000000000 1
5.038368358026 2.846353380310 1
2.065042642322 1.089084269304 0
1.594135263443 0.000000000000 1
2.784312268879 0.038110328161 1
2.106689831347 0.000000000000 0
2.152126160778 0.000000000000 1
3.399488332759 2.571623987595 1
2.179648208652 0.318842900034 1
1.088066853145 0.000000000000 0
3.948211368519 0.000000000000 1
0.427189885853 0.011275462577 0
1.422179380660 0.000000000000 1
5.042511253780 2.243531573729 1
0.437127573068 0.000000000000 0
3.565485748935 1.146252790186 1
2.195291725713 0.696187732202 0
4.349875205811 0.000000000000 1
2.088909907734 0.000000000000 0
1.474957687147 1.158993135610 0
1.307016836185 0.000000000000 1
2.068066698699 0.000000000000 1
4.212429404095 0.416730883827 1
2.822465624863 0.000000000000 0
3.651357585061 0.000000000000 1
3.373278388943 0.000000000000 1
1.894229056896 0.000000000000 1
1.232306875287 0.000000000000 1
2.069428084045 0.474646820898 1
1.501771171813 0.000000000000 1
2.025020876447 1.396941828885 1
1.502191052142 0.000000000000 1
3.215881531263 0.000000000000 1
0.874020277434 0.000000000000 0
0.910198466551 0.000000000000 1
4.544247911685 0.000000000000 1
2.850477134544 0.000000000000 1
5.985441605753 0.000000000000 1
0.303004303484 0.000000000000 0
6.437739746072 0.000000000000 1
3.860624542169 0.000000000000 1
1.916711072596 0.000000000000 0
0.477697199032 0.000000000000 0
2.178282874576 0.000000000000 1
1.587971967436 0.000000000000 1
5.011585932610 0.450322053450 1
0.049157247050 0.000000000000 0
1.966318294827 0.000000000000 1
3.307312619801 0.144579356416 1
2.883803706155 0.000000000000 0
3.798704449506 0.000000000000 1
2.195925972701 0.147653842318 0
5.511910765827 0.000000000000 1
3.516459372600 0.000000000000 0
0.002770599804 0.000000000000 0
3.316502281056 0.000000000000 1
3.083217168954 1.437792301963 0
6.552976171732 0.000000000000 1
1.933586360563 0.794212592438 0
4.227794551549 0.000000000000 1
1.562866166181 0.000000000000 1
0.455873881743 0.000000000000 0
0.019595968310 0.061367538347 0
6.008083269494 0.614628623355 1
0.500397553735 0.000000000000 0
3.329235640837 1.675035885545 1
2.031024204335 0.000000000000 0
3.251972316803 0.474683118218 1
4.239690369039 0.271952840371 1
2.652243064557 0.000000000000 1
2.128845459319 0.000000000000 1
1.979700729029 0.007816258150 1
4.377897025209 3.863860126136 1
2.262066230989 0.000000000000 1
1.063771782479 0.000000000000 1
1.884503874176 0.583407443407 1
4.360191354068 1.178133495164 1
1.534692950436 0.524195188861 0
2.362084345575 1.050022743105 1
1.964875941105 0.319351242717 0
3.638043443595 0.000000000000 1
2.592055126147 0.000000000000 1
2.613971777596 0.000000000000 0
0.302928220032 0.000000000000 0
1.836205253445 0.205274287493 1
2.809693435107 2.400437685437 1
3.072934904861 0.000000000000 1
2.973095953814 0.000000000000 1
3.778258165524 0.000000000000 1
1.410838305043 0.000000000000 1
4.097167089957 0.000000000000 1
2.398802526778 0.000000000000 1
1.431552577870 0.000000000000 0
1.844580058609 1.003179132221 0
3.591702557542 0.000000000000 1
3.070145530487 0.000000000000 1
1.487061722938 0.000000000000 1
3.709846453269 2.782622700308 1
2.039856689561 0.000000000000 1
5.463604881359 0.000000000000 0
1.995141529022 0.000000000000 1
3.433258505438 0.345059188123 1
0.945177435870 0.000000000000 0
2.313085194093 0.000000000000 1
1.005069182325 0.000000000000 0
0.537048882341 0.000000000000 0
1.191853125696 0.000000000000 1
1.702265138942 0.000000000000 1
1.042608586703 0.000000000000 0
3.036709406377 0.172645521563 1
2.833568004604 1.573888541824 1
0.568048024071 0.000000000000 0
3.051110774428 0.000000000000 0
1.694865248865 0.000000000000 1
0.688115455496 0.000000000000 0
0.684919853736 0.142360967103 0
2.782595070448 2.025103290627 1
3.401012825729 0.000000000000 1
3.137380695214 0.000000000000 1
1.632943704726 0.018128649942 0
1.168710115809 0.000000000000 0
3.396657250133 0.000000000000 1
2.183472431887 0.000000000000 0
0.027427607333 0.667927406451 0
1.102222627721 0.000000000000 1
3.133323969032 0.000000000000 1
0.604632864606 0.000000000000 0
3.068838274701 0.000000000000 1
0.983343504869 0.000000000000 0
0.314145223930 0.000000000000 0
1.113233959516 0.000000000000 0
5.703906644130 0.000000000000 1
1.088657341266 0.444784719770 0
3.634969808164 0.000000000000 0
3.928388242918 0.000000000000 1
3.296984283271 0.687583734753 1
1.865949168336 0.112719525335 1
1.789545459548 0.000000000000 0
1.497308158541 0.000000000000 1
1.033413853851 0.670199496157 1
3.505790441434 0.000000000000 1
6.372014073887 0.323560028136 1
2.824495964546 0.000000000000 1
4.197996079736 0.850201013872 1
3.539079309843 0.000000000000 1
4.517161155456 0.000000000000 1
3.161257283341 0.000000000000 1
0.763107021500 0.000000000000 1
3.527808642628 0.000000000000 1
2.468777724727 0.000000000000 1
2.069332154936 0.685525637996 1
1.370437359789 0.405282635997 0
2.362660659092 0.354462374015 1
1.222465004788 0.000000000000 0
6.080275605834 0.000000000000 1
3.563621626660 0.000000000000 1
0.617884014544 0.000000000000 0
2.328946961841 0.000000000000 0
0.925398291039 0.000000000000 1
1.559005327381 0.398007719766 1
4.146926056708 0.913403304422 1
8.404998759710 1.940293577630 1
2.373730382516 0.000000000000 1
0.774717483607 0.000000000000 0
4.865772700837 0.000000000000 1
3.728541317790 1.183468555963 1
0.786930653723 0.000000000000 0
2.427518686096 2.375169753118 1
2.206302907032 0.016374502072 1
1.522883661532 0.145544058044 1
6.864207696769 0.000000000000 1
1.200937223580 1.046295721555 0
1.274597773628 0.000000000000 1
4.188705075472 0.000000000000 0
2.632879701472 0.000000000000 0
3.679762026268 0.000000000000 1
3.196986659927 0.000000000000 1
4.949212798540 0.000000000000 1
3.083420841575 0.000000000000 1
1.090112074740 0.000000000000 1
1.683653369321 0.766125078281 1
1.690928332039 0.000000000000 0
2.378435529429 0.000000000000 1
2.545381137451 0.000000000000 1
2.269964004825 0.000000000000 1
2.151254487539 0.000000000000 0
5.443219350830 0.000000000000 0
0.213915076377 0.268642418579 0
1.239540658198 0.000000000000 0
2.072990998374 0.135406518266 0
3.155784489464 0.000000000000 1
3.447142065722 0.000000000000 0
3.240737363082 0.000000000000 1
5.884566562857 1.177718922164 1
1.273240047019 0.135543452128 1
2.575834240008 0.385662246693 1
2.260326550156 0.000000000000 1
2.801088954917 0.000000000000 0
1.891706757875 0.000000000000 1
2.991630978391 0.000000000000 1
2.469104126960 0.000000000000 1
2.714379653022 0.000000000000 1
2.222200764663 0.000000000000 1
0.978796164964 0.099228010523 0
1.368439678884 1.668895195952 0
2.823116377050 0.000000000000 1
1.104089182580 0.000000000000 1
2.635473467328 0.774879827630 1
1.650409087904 0.000000000000 1
2.534959018484 1.807395266550 1
2.947760747629 0.000000000000 1
1.084265800218 0.158830236524 1
4.226103872924 2.617555847682 1
4.383893725818 0.000000000000 1
2.230158246649 0.908712120469 1
3.649947529547 0.000000000000 1
3.007816543547 0.000000000000 1
3.351522606625 0.000000000000 1
2.384735161828 0.000000000000 1
1.080880504527 0.673573944301 1
3.134589627659 0.000000000000 1
1.703008779371 0.116806215638 1
0.954058852265 0.000000000000 0
2.534357669092 0.892887980155 1
3.868466919464 0.000000000000 0
0.954216810298 0.000000000000 0
0.166727218072 0.269271601790 0
2.025245102902 0.278843996743 0
2.108652975950 0.286289990871 1
2.945323525852 0.000000000000 1
1.111206778641 0.000000000000 0
2.575727382981 0.091760320506 1
3.836248459726 0.000000000000 1
4.696988791783 0.000000000000 1
5.897173112750 0.000000000000 1
1.736364472421 0.000000000000 1
1.587705034470 0.000000000000 0
2.124107243292 0.000000000000 1
1.592483317349 0.000000000000 1
2.803018302233 0.000000000000 0
2.775068556837 0.000000000000 1
2.619081674375 0.000000000000 1
3.133298232071 0.000000000000 1
0.753651816426 0.000000000000 1
4.035241553605 0.000000000000 0
0.459993327755 0.000000000000 0
4.516717920224 0.000000000000 1
5.634938327928 0.000000000000 1
1.457505603533 0.000000000000 0
3.227895450504 0.000000000000 1
1.484487603887 0.000000000000 1
1.850607044778 0.763724355005 1
1.642484204641 0.000000000000 1
1.712063464900 1.277888259255 1
3.121958630931 0.000000000000 0
3.276016142111 0.000000000000 0
0.718533194676 0.758608296645 0
1.111187429686 0.000000000000 0
2.073847804444 0.196886041201 1
9.163631557545 0.757513353277 1
2.088218879369 0.000000000000 1
1.925343916075 0.160731283117 1
3.377748901171 0.000000000000 0
4.113072610378 0.000000000000 1
2.036251915933 0.000000000000 1
3.451213481056 1.815261264281 1
0.425991225229 0.298923643150 0
0.932214221868 0.000000000000 0
1.236765685774 0.000000000000 0
1.559085064354 0.000000000000 0
1.879416841026 0.000000000000 1
1.410505147946 0.000000000000 1
6.121480401743 1.567448287481 1
4.027309697696 0.000000000000 1
3.398901353198 0.000000000000 1
3.443972891245 0.000000000000 1
1.719380431315 0.015081557318 1
3.831722814624 1.379251450809 1
2.970674864160 0.000000000000 1
0.481865236846 0.000000000000 0
5.619881804420 0.000000000000 1
6.924755823057 2.335082052743 0
1.205356742464 0.000000000000 1
1.489967720970 0.000000000000 0
0.895769408015 0.000000000000 0
4.847322939737 0.322860858286 0
2.734873115239 0.523502992276 1
1.993140863294 0.558077311218 1
2.805508962015 0.000000000000 0
2.696623497160 0.000000000000 0
0.855947011033 0.000000000000 0
3.129190083034 0.000000000000 1
5.511010834663 0.609495596583 0
1.301565940522 0.388214557117 1
3.311986106888 0.000000000000 1
1.747391453432 1.615897374275 1
3.824905218114 0.000000000000 1
0.177868794453 0.000000000000 0
5.917823928894 0.000000000000 1
0.996821033202 0.000000000000 1
4.743783849210 0.000000000000 1
3.220379025610 0.727575580153 1
1.319803866275 3.116144824371 0
2.469766053490 0.000000000000 1
0.944272831079 0.000000000000 0
2.685621182178 0.000000000000 0
1.193334981798 0.000000000000 1
1.906082106954 0.205437399125 0
5.218114706063 3.048664388668 1
0.046416578071 0.000000000000 0
1.101247430958 0.000000000000 1
1.901931683029 0.532231939249 0
3.155229833087 0.000000000000 1
3.695101206393 0.000000000000 0
1.826387478165 1.444275088777 1
0.894407964437 0.000000000000 0
3.128515235743 0.000000000000 1
5.271428572480 0.000000000000 1
3.275492831021 0.000000000000 0
0.893658952241 0.482883512392 0
3.109158365890 0.000000000000 1
1.622974249834 0.085281742745 1
1.843868238456 1.241936129795 1
7.641531031899 2.151203885102 1
2.725442416585 0.000000000000 1
4.487103893508 0.000000000000 1
4.205735073938 0.000000000000 1
2.856072103857 0.000000000000 1
2.538217478492 0.000000000000 0
2.433100140900 0.000000000000 1
2.493891476202 0.000000000000 1
0.763365358657 0.000000000000 1
2.397328579521 0.000000000000 1
2.707700239114 0.000000000000 1
2.340021879414 0.000000000000 1
0.527129134537 0.000000000000 0
3.775510009404 0.000000000000 1
5.346261264033 0.354780422740 1
2.508098760202 0.000000000000 1
1.604433734930 1.065560609015 1
4.809627546963 0.000000000000 1
3.998290705335 0.000000000000 1
1.826674805239 0.105731888220 1
0.065509088518 0.343001002343 0
0.624133718519 0.000000000000 0
0.220342058022 0.000000000000 0
1.538859467483 0.143986617861 1
3.247138208155 0.000000000000 1
1.686717798616 0.000000000000 1
5.426089601735 0.000000000000 1
1.464907273882 0.000000000000 1
2.788975444121 0.610022076724 1
1.524945094843 0.000000000000 1
2.331717989893 0.393492886564 1
2.526430771015 1.116180217443 1
1.508656768740 0.000000000000 1
1.861698496243 0.092656331109 1
1.442513143980 0.000000000000 1
0.578815513396 0.000000000000 0
1.947698291491 0.000000000000 1
3.696567122803 1.527154997291 1
1.804296328368 0.000000000000 1
2.595611445956 1.300379468064 1
3.161508795419 0.788210433868 1
2.779211228845 0.000000000000 0
1.238850318330 0.000000000000 0
1.129187920879 0.000000000000 1
3.874128804705 3.178970826890 1
1.510824612277 1.103764114365 1
6.390905765347 0.000000000000 1
2.254477730659 0.000000000000 1
2.036558675635 0.000000000000 1
3.059959853710 0.000000000000 1
2.266406843661 1.706236190344 0
1.842768835557 0.000000000000 1
1.437524270703 0.479883963974 1
6.178274934593 0.000000000000 1
0.073138225358 0.000000000000 0
1.237347801096 0.000000000000 1
3.773674779763 0.000000000000 1
2.990579524199 0.000000000000 1
0.965951211655 0.000000000000 0
1.137727090306 0.000000000000 1
1.331682928909 0.000000000000 1
1.502524678847 0.000000000000 1
0.722812332122 0.000000000000 0
0.464326766860 0.000000000000 0
3.407544127829 0.000000000000 1
2.298031546351 0.000000000000 1
0.085157550213 0.000000000000 0
3.584186727619 1.627153102707 1
0.320073742748 0.305043420824 0
2.551004477207 0.000000000000 1
3.235672136105 0.978711895299 0
0.704757916168 0.272000401877 0
3.025606064552 2.045248182028 0
0.421967984106 0.000000000000 0
2.664898059545 1.297384721893 1
4.057127813484 0.000000000000 1
3.070281856457 0.000000000000 1
3.684381405874 1.494262472820 1
2.346812726196 0.000000000000 0
1.439133114941 0.405829227290 1
4.238121867223 0.000000000000 1
2.935602709258 0.071668262460 1
2.174579964488 0.000000000000 1
5.272793672720 0.000000000000 1
1.713429373231 0.000000000000 1
0.644462163498 0.000000000000 0
0.458720422010 0.000000000000 0
3.138968447294 2.869982474945 1
0.180819654876 0.000000000000 0
1.198271247199 0.000000000000 1
3.105998807903 0.000000000000 1
1.670818274711 0.014353419234 0
1.928000878697 0.000000000000 1
1.507351436768 0.000000000000 1
2.621333101765 0.000000000000 1
0.837397891692 0.000000000000 0
0.291794721615 0.186768953162 0
4.410522894067 1.075046373035 1
3.364535571417 0.000000000000 1
3.948284302565 2.271906390058 1
3.262668948841 0.000000000000 1
3.914392170902 0.000000000000 1
3.533330853501 0.000000000000 1
2.883385246447 0.000000000000 1
2.853442211814 2.579966831829 0
2.072102411855 0.000000000000 1
1.072136384699 3.201156307896 0
1.475458842125 0.000000000000 1
1.736557085651 0.000000000000 1
2.148422384113 0.000000000000 1
1.924597469899 0.000000000000 1
0.483134628264 0.415680514704 0
4.612908764144 0.075446234623 1
4.666581808438 0.000000000000 1
4.553502433177 0.000000000000 1
1.322080263543 0.000000000000 1
2.769439455267 0.000000000000 0
0.735484020651 0.000000000000 0
3.707825024419 0.405437617710 1
1.373424497592 0.000000000000 1
3.156027943494 0.000000000000 1
1.317884519339 0.194325002179 1
2.106523183787 0.000000000000 1
3.504517453128 0.000000000000 1
1.786863262427 0.000000000000 1
2.238994580002 2.014889117184 1
2.111238171052 0.000000000000 1
2.648949261643 0.000000000000 1
0.580243682413 0.000000000000 0
1.742044415774 0.000000000000 1
1.415428115833 3.000802744406 0
1.875300342429 0.000000000000 1
5.863176430354 0.000000000000 1
3.815303476775 0.000000000000 1
6.878149824303 0.386439312116 0
1.520117392009 1.144489149117 0
2.496419319802 0.000000000000 1
1.296643169379 0.000000000000 1
3.239997075632 0.000000000000 1
1.641843254075 1.218389451603 0
2.424351816099 0.000000000000 0
1.587740725102 0.000000000000 0
1.354989731356 0.595878546008 0
1.328368348959 0.000000000000 0
1.772508246870 0.000000000000 1
3.602631921288 0.000000000000 0
3.140515026798 0.000000000000 1
3.026451569235 0.000000000000 1
0.707868934548 0.000000000000 0
1.847753590983 0.000000000000 1
2.567350478464 2.155208529435 0
1.741003736195 0.788861620751 1
5.182795861907 0.000000000000 1
1.736001640833 0.122563160716 1
1.386379038586 1.215442485261 1
3.809449396927 1.069982397747 1
1.808792737936 0.000000000000 0
1.927796807228 0.000000000000 1
1.846957218338 0.000000000000 0
5.962097613422 0.000000000000 1
1.446601160553 0.067790194658 1
1.983130734363 0.000000000000 0
1.655345018719 0.000000000000 0
0.468310450337 0.231431882749 0
1.320009773503 2.199844045390 0
1.216216612929 0.000000000000 0
2.305571622958 1.604472772063 1
1.486075177111 0.000000000000 1
1.290671777221 0.000000000000 1
4.404037678062 0.000000000000 1
1.333383032710 1.088022790016 0
0.270973967210 0.000000000000 0
2.350202758640 0.000000000000 1
2.438174465488 2.220807703520 1
1.451508244724 0.346970630319 1
5.808234251603 0.000000000000 1
3.131439790210 0.000000000000 1
2.189542158828 0.000000000000 1
2.898943805070 0.274573831800 0
0.472280143047 0.000000000000 0
0.073942896765 0.213811689167 0
3.255660092832 0.392705229932 1
0.154525690745 1.407645984683 0
2.081740568948 0.000000000000 1
5.785506712619 0.000000000000 1
2.764721579268 0.000000000000 1
4.908711572708 4.032380315973 1
4.231463313287 0.000000000000 1
2.230146997996 0.000000000000 0
0.075337657757 0.000000000000 0
3.191073284043 0.000000000000 1
1.901467979137 0.000000000000 1
1.119115645721 0.747973928243 1
4.685325245232 0.719637423594 1
0.207669142552 0.000000000000 0
2.071560613388 1.595601028300 1
2.262009232042 0.000000000000 0
1.605029402231 0.000000000000 0
3.872785238347 0.672199152577 1
0.941837941722 0.000000000000 0
2.051213990849 0.000000000000 1
4.127963389580 0.000000000000 1
2.183129623835 0.000000000000 1
1.755732774048 0.000000000000 1
2.481747048719 0.370830953013 1
3.244287676674 0.000000000000 1
1.449772429051 0.000000000000 1
2.219289679671 1.038152281688 1
0.377266454596 1.472608620260 0
0.308023591624 0.000000000000 0
1.278257348534 0.000000000000 1
8.237707465137 0.380153857962 1
1.435105805289 0.100306524174 1
3.580947591794 1.549095713113 1
1.780935518048 0.000000000000 1
1.063773646845 0.000000000000 0
3.530241307116 0.764025981883 1
1.257634586435 0.000000000000 1
2.508202273199 0.000000000000 1
3.357965553495 0.000000000000 0
1.948830286760 0.000000000000 1
6.381410111481 0.526701582944 1
1.791436004354 0.499504841239 1
2.227200548437 0.000000000000 1
2.363394876576 0.000000000000 1
2.116061646512 1.454479961480 1
3.903478158040 0.000000000000 1
2.602590259790 0.000000000000 0
2.244253277131 2.173705048547 1
2.864363683208 0.231146191441 1
3.871274087590 1.209611133255 1
1.078705683116 0.189625339865 1
2.320246151675 0.000000000000 1
4.333979793722 0.000000000000 0
2.387131484937 1.486096243308 1
2.976552738409 0.000000000000 1
2.039269782791 0.000000000000 1
4.345709869117 0.510090368577 1
1.727634397821 0.635059581099 1
0.335956726432 0.809616478788 0
4.935431867431 0.000000000000 1
3.990106485706 0.120299131039 1
2.365057648650 0.000000000000 0
0.584590467399 0.000000000000 0
1.398168004856 0.000000000000 0
3.840479188203 0.000000000000 1
1.868240693309 0.000000000000 1
1.679710346581 0.000000000000 1
2.993707413895 0.000000000000 0
2.568856368126 1.258864327015 1
1.297602090232 0.000000000000 1
2.133275725865 0.000000000000 1
5.066564048951 0.000000000000 1
2.832716672212 0.000000000000 1
3.328883478753 0.000000000000 1
0.665078254740 0.000000000000 0
0.689922515312 0.000000000000 0
4.298533174329 0.000000000000 1
4.129354163788 0.000000000000 1
3.688135734192 0.000000000000 1
2.403185735032 0.000000000000 1
1.730233940684 0.825608667186 1
0.908220682371 0.000000000000 0
4.535558784104 0.000000000000 1
1.561431858706 0.000000000000 1
1.635201366782 0.000000000000 1
1.097076501892 0.000000000000 1
3.011909038859 0.000000000000 1
2.758376452033 0.000000000000 1
1.424521946072 0.000000000000 1
2.263576650038 0.000000000000 0
2.023456684535 0.000000000000 0
4.084880604796 0.000000000000 1
0.758648012243 0.000000000000 0
3.617139253900 0.000000000000 1
1.818244843861 0.445783233648 1
0.794471696439 0.000000000000 1
4.303817174393 0.000000000000 1
2.330122400978 0.000000000000 1
1.997670555921 0.000000000000 1
2.683426717464 0.000000000000 1
3.033651409123 0.000000000000 1
1.317931765108 0.000000000000 1
4.369403275883 0.000000000000 1
3.370982030295 1.463281148191 0
3.537110913327 0.000000000000 1
0.084819844972 0.000000000000 0
2.662288928214 0.000000000000 1
3.273087522013 0.000000000000 1
1.786902762916 0.000000000000 1
2.693341704006 0.000000000000 1
0.875606253856 0.000000000000 0
1.847969205282 0.000000000000 1
0.210485992857 0.000000000000 0
3.106693097134 0.685057522333 1
1.868546659234 0.000000000000 1
1.800843143878 0.000000000000 1
2.395039675330 2.532134458358 0
2.525295083345 0.000000000000 1
2.112438237605 0.000000000000 1
1.584271341763 0.000000000000 0
2.060301208558 0.000000000000 1
2.567572812741 0.000000000000 1
1.392371642662 0.000000000000 1
2.626492213487 0.000000000000 0
5.597717228961 0.000000000000 1
2.294946459511 0.000000000000 1
1.175466397338 0.000000000000 0
2.935073853697 0.000000000000 1
2.273044715740 0.000000000000 1
2.692167634140 0.835059510231 1
4.418477650739 0.000000000000 1
3.250225633636 0.000000000000 1
2.969991353267 1.122902281488 1
7.895071391967 0.365437288981 1
4.258890935662 1.947527733372 1
3.150951781510 0.000000000000 1
1.698056094367 0.000000000000 1
3.745442092602 1.395227555480 1
3.708604463168 0.000000000000 1
4.379178645422 0.000000000000 1
1.561218029151 0.000000000000 1
4.140365964611 0.000000000000 1
0.543187317800 0.057753958241 1
0.862160317287 0.000000000000 1
6.346084604070 1.351365311461 1
2.395620819854 0.000000000000 1
1.442964099226 0.000000000000 1
2.509625869748 0.000000000000 1
0.842386283027 0.000000000000 1
3.999365275402 1.966791094517 1
2.647613296634 0.000000000000 1
0.280326968170 0.000000000000 0
7.399885997247 0.000000000000 1
3.873310408382 0.000000000000 1
1.487688459250 0.000000000000 1
4.700250214428 0.000000000000 1
1.117291785418 0.000000000000 1
2.441786558946 0.000000000000 0
0.350630386625 0.926501856727 0
0.906564251402 0.000000000000 1
2.892412031558 0.000000000000 1
3.037883272172 0.548205879600 1
1.206005825202 0.352831011727 0
1.946572941686 1.891925500385 1
2.432206761218 0.000000000000 1
2.441973699516 0.916025466691 1
0.879209179989 0.000000000000 0
0.475031394387 0.966661266884 0
2.278465131642 0.935957134364 1
2.700757635955 0.000000000000 1
1.195839529894 0.000000000000 0
2.033831977701 2.027437979353 1
1.115301423038 0.000000000000 0
3.172099049025 0.000000000000 1
1.498508856521 0.000000000000 0
0.896375788428 0.000000000000 0
1.343751161251 1.037743272971 1
0.917657800798 1.289517351304 0
5.104110829155 0.000000000000 1
0.402898762189 0.000000000000 0
6.088709331177 0.000000000000 1
6.227718863401 0.000000000000 0
2.844187216072 0.000000000000 0
2.319267340769 0.000000000000 1
4.210802795516 0.000000000000 1
0.334170824813 0.000000000000 0
2.623845136517 0.000000000000 1
1.865496176542 0.762859503173 0
2.548069618825 0.000000000000 0
2.300555768551 0.299931431921 1
0.241927337142 0.000000000000 0
0.226791586669 0.000000000000 0
1.203123879217 0.000000000000 1
1.410725195593 0.000000000000 1
2.578438875999 0.000000000000 1
0.317802257722 0.000000000000 0
2.128571335191 1.118091183429 0
4.077100572308 0.000000000000 1
3.164100732761 0.000000000000 1
1.962478856781 0.000000000000 1
4.219422450077 1.694881668043 1
