2.814430454718 0.000000000000 1
0.523592760601 0.164751193598 0
4.660525668820 0.000000000000 1
2.455636366484 0.000000000000 1
2.907799872513 0.554463323090 1
2.773293824760 0.000000000000 1
2.791325302997 0.556627697203 1
0.800415844978 0.192610225982 1
2.364082221341 2.045282031456 1
1.894608571319 0.375460639878 1
3.267404060072 0.000000000000 1
2.113181451185 0.000000000000 1
2.984121483743 0.000000000000 1
3.269641983405 0.000000000000 1
4.657482270962 0.000000000000 1
2.360792347556 0.000000000000 0
1.496745292330 0.000000000000 1
8.062948972291 0.000000000000 1
1.236763271626 0.000000000000 1
0.819269804828 0.000000000000 0
2.712858015264 1.964802475466 1
2.020155674585 0.000000000000 1
1.970197869090 0.000000000000 1
1.294382962685 0.000000000000 1
2.097510504632 0.000000000000 1
0.725554642074 0.975518135355 0
3.190395384875 1.455718857911 0
0.379813060897 0.000000000000 0
2.831194741337 0.099722555719 1
1.436901365302 0.000000000000 0
4.085347272029 0.000000000000 1
7.747974872787 0.000000000000 1
1.950569483286 0.000000000000 1
1.682907536038 0.120213388742 1
1.132551503472 0.000000000000 1
2.204622398947 0.000000000000 1
2.630250425889 0.098718733859 1
1.556276663330 0.197347636757 1
1.343061397180 0.000000000000 1
4.830334874834 0.699272887243 1
1.457415652019 0.483914147638 1
4.101735590573 0.316848164926 0
2.156026779443 0.000000000000 1
2.768806001408 0.000000000000 1
0.877321386614 0.000000000000 1
3.544174528666 0.000000000000 0
5.775286754389 0.000000000000 1
1.199767225949 0.413900150940 0
1.864807588732 0.076094084765 1
1.329114367565 0.000000000000 1
0.779319504146 0.000000000000 1
2.779920431816 0.000000000000 1
2.909503305264 0.000000000000 1
3.645948324531 0.181132016615 1
0.550827889655 0.000000000000 0
2.858337507746 1.947061529416 1
2.874467905170 0.000000000000 1
1.062079903682 0.000000000000 0
2.946111848965 0.556271909986 1
1.259073419717 1.000245710994 1
1.445167500764 0.000000000000 1
5.452254811142 0.000000000000 0
2.050694057467 0.000000000000 1
2.106242306323 0.000000000000 1
1.813699201164 0.000000000000 1
3.867262919195 0.000000000000 0
1.930344868595 0.000000000000 1
4.443414898892 0.472555447924 0
4.319438379246 0.000000000000 1
2.436132908824 0.245084688934 1
3.467450177874 0.000000000000 1
1.820656320200 0.000000000000 1
3.558705794599 0.416576997565 1
1.671960476826 0.000000000000 1
2.401551731751 0.000000000000 1
2.025116982877 0.000000000000 0
2.421355047450 0.000000000000 0
1.467380913465 0.852607492935 1
0.770538699460 0.000000000000 0
4.649024890860 0.000000000000 0
0.896391307713 0.000000000000 0
0.057719601377 0.182046238596 0
3.969726066377 0.306624286098 1
5.197665507152 2.002899659043 1
0.353086750195 0.000000000000 0
1.086697314119 0.000000000000 0
2.636516970654 0.000000000000 1
1.854472606067 0.000000000000 1
2.901207068313 0.000000000000 1
3.069605387888 0.827406375575 1
2.077093225404 0.000000000000 1
1.900773644717 0.580894817227 1
1.563186411571 0.000000000000 1
3.880453947200 0.000000000000 1
8.939527212331 0.000000000000 1
0.321653408472 0.000000000000 0
1.841946730167 0.000000000000 1
6.338145033941 5.680185254784 1
2.370040000939 0.000000000000 1
1.491005373865 0.000000000000 0
2.862273997839 0.000000000000 0
1.366918224403 0.000000000000 1
4.696597908680 0.000000000000 1
1.938701443159 0.180212838680 1
5.982454863602 0.000000000000 1
2.986823203282 0.000000000000 1
1.461033650665 0.000000000000 1
3.220608951551 0.288361082689 1
3.475048961361 2.988892758349 1
4.838218342458 0.000000000000 0
9.784790915082 0.021345368616 1
1.093281734386 0.394354122426 1
6.078087973845 0.000000000000 1
4.849965626834 0.000000000000 1
2.904054228517 0.105824627745 1
1.882537901361 0.000000000000 1
2.791157026663 0.000000000000 1
2.853145497054 0.000000000000 0
7.289058062494 0.000000000000 1
1.189655350773 0.000000000000 0
0.090495811294 0.000000000000 0
2.171340635008 0.000000000000 1
1.914876724517 1.776486247298 1
1.695353803744 0.353033212094 1
2.182231540469 0.000000000000 1
2.201114060566 0.806465088241 1
1.863030210299 0.000000000000 0
1.390472774863 0.906941897015 0
1.359885563420 0.545698546079 1
3.043576235427 0.000000000000 1
2.506662496987 0.000000000000 1
3.157751190932 0.000000000000 1
4.527547878388 0.000000000000 1
1.961563867651 0.000000000000 1
2.451091919028 0.539770441958 1
1.185910188657 0.000000000000 0
1.180054669882 2.103199041759 0
4.729349208444 0.000000000000 1
2.031064324416 0.000000000000 1
1.967528068835 0.000000000000 1
5.380753421093 0.000000000000 1
4.714052632120 0.000000000000 1
0.721187899144 0.000000000000 0
3.151390636264 1.193689448055 1
1.067395673514 0.108669991331 1
0.679267163624 1.792470652666 0
1.068440666906 0.000000000000 1
0.505119016483 0.408615727442 0
2.730692926844 1.437739836430 1
3.028303653193 0.000000000000 1
0.391818850966 0.000000000000 0
2.129233481138 0.396413867733 1
2.775717328348 0.284476035601 0
2.166574204870 0.000000000000 0
1.180369072380 0.000000000000 1
3.159415639126 0.000000000000 1
2.038775162197 0.000000000000 1
3.003816439118 1.033654193722 0
4.036295434242 0.632235683842 1
2.274242024336 0.000000000000 1
1.284134823181 0.000000000000 1
3.642895473676 0.795762894604 1
0.949332603399 0.000000000000 1
1.688037004992 0.784428742582 1
4.737297631924 0.000000000000 1
4.059108168844 0.000000000000 0
0.193095652485 0.000000000000 0
2.701358872937 0.000000000000 1
1.656333575302 0.000000000000 0
2.621082249494 0.000000000000 1
0.993632489186 0.000000000000 0
2.245353036422 0.000000000000 1
4.401245751960 0.613981553804 1
2.110426103469 0.953775958986 1
3.838128433799 0.000000000000 1
2.533903079417 1.619036623403 1
1.686893794397 0.000000000000 1
2.203856106689 1.062900015618 1
4.916361048727 0.000000000000 1
4.106217027657 0.000000000000 1
2.210533186402 0.000000000000 1
3.910093755085 0.873147658722 1
3.046428230824 2.413694526765 0
2.472143537002 0.000000000000 1
1.316673839902 0.000000000000 0
1.461419006090 0.309170325434 0
3.247015288658 0.000000000000 1
4.468949767052 1.594536894168 1
6.290249822776 0.000000000000 1
7.986802518853 0.000000000000 1
2.265030549810 0.985214437289 1
2.692827059895 0.151085432751 1
1.705095658780 0.000000000000 1
2.099292603270 0.000000000000 0
1.527537110536 0.000000000000 1
1.375510813157 0.000000000000 1
2.444977774940 0.000000000000 1
2.264405455164 0.000000000000 1
4.023547650178 0.000000000000 1
3.235253156710 0.384889147671 1
