3.492680506111 0.000000000000 1
0.736997582946 0.367930030632 0
7.047494149994 0.000000000000 0
5.694443956479 1.108926646181 1
3.617433751362 1.273278861901 1
5.473668031094 0.385220451963 1
5.134237121479 3.200642180692 0
3.025351031638 0.000000000000 0
7.812888736507 3.850925878636 1
5.899348531586 0.000000000000 1
1.524771139511 0.000000000000 0
9.764619078268 0.000000000000 1
3.458481927949 0.000000000000 0
0.029443099652 0.000000000000 0
2.314056640988 0.000000000000 0
2.416588635182 0.000000000000 0
0.888366431315 0.000000000000 0
2.184005390916 1.493341300469 0
6.656422673870 0.000000000000 1
0.331962123623 0.094953265224 0
0.898063353314 0.000000000000 0
3.926308091553 0.000000000000 0
6.590174228332 0.000000000000 1
1.008757032371 0.000000000000 0
6.679472531780 3.773120666931 1
7.761888792392 0.000000000000 1
1.583450282712 0.197437467718 0
5.742008738386 3.850175525581 1
2.242074162818 0.000000000000 1
2.362641483869 0.000000000000 1
7.029038912005 0.000000000000 1
2.212826397291 0.000000000000 1
5.311719182528 0.000000000000 0
7.087559420650 0.000000000000 0
1.373429106058 0.827800301880 0
5.384712241581 1.666890164656 1
7.376655720618 0.563090077205 1
5.532910922622 4.408967758113 1
3.635408569880 0.362264033231 0
0.711171907651 0.137706972414 0
4.811478838300 0.000000000000 1
2.375724587993 0.000000000000 0
0.229963103077 0.000000000000 0
7.113842216998 0.000000000000 1
8.081574100508 0.000000000000 1
2.001880881644 0.797788532014 0
6.212482714430 0.000000000000 0
2.417039324497 0.000000000000 0
0.090357124084 0.000000000000 0
6.320454094142 2.488351288499 0
6.196389336016 0.490169377867 0
4.972227624368 0.000000000000 1
3.367968666463 0.000000000000 1
3.232625167157 0.000000000000 0
1.948648682949 0.000000000000 1
4.491071641547 0.000000000000 0
2.035767884223 0.000000000000 1
0.481586687162 0.000000000000 0
6.071337520954 0.000000000000 0
0.910231192982 0.000000000000 0
0.036074750860 0.000000000000 0
7.472381932728 0.613248572196 1
0.010501038246 0.000000000000 0
5.366531814329 5.106101117947 1
0.962009216550 0.000000000000 0
3.397111018984 0.000000000000 0
2.904474086134 1.965608916670 0
6.117937656910 0.000000000000 1
2.753414673803 2.486784851106 0
0.096766141476 0.000000000000 0
11.870063832357 11.827286634049 1
4.163121850019 0.514422681912 1
3.397116815843 0.000000000000 1
2.733586271725 2.430760449398 1
0.730443822381 0.000000000000 0
5.585150145050 0.000000000000 0
3.339637032254 0.000000000000 0
4.155160264597 0.000000000000 1
5.752105867005 0.000000000000 1
1.089242176499 0.000000000000 0
6.557383257297 2.764494842529 1
1.373411505832 0.000000000000 0
5.999344625285 3.092619037104 0
1.402574205490 0.000000000000 0
4.790572011440 0.000000000000 0
0.722827357188 0.000000000000 0
2.875813938120 0.000000000000 1
1.118465912218 0.000000000000 0
2.186671558029 0.000000000000 0
7.384665131848 0.000000000000 1
7.553603075822 0.000000000000 1
7.905826328944 0.647120056272 1
3.343220473302 1.793030758637 0
3.756805924250 0.000000000000 0
3.595937423140 0.000000000000 1
0.976250726188 0.000000000000 0
5.631338616631 0.000000000000 1
2.026413179983 1.371051275993 0
1.772311870073 0.000000000000 0
7.416492202989 1.197937791862 0
6.855733157505 0.000000000000 1
4.940455260401 0.000000000000 0
6.139432620741 0.000000000000 1
1.559005327381 0.932285394007 1
8.842823079305 1.826806608844 1
1.260661972264 0.000000000000 0
0.484198427254 0.000000000000 0
0.303713612570 0.000000000000 0
2.620681291233 0.000000000000 0
2.535405150620 0.000000000000 1
1.436283091362 1.147742913401 1
2.037269840808 0.000000000000 1
7.930798238177 0.000000000000 0
5.474898231441 2.092591443111 1
1.640113779403 0.000000000000 0
1.645549813420 0.000000000000 0
9.581432725799 0.000000000000 1
3.546601091632 1.165992839605 0
4.482095048122 0.000000000000 1
3.830625391407 0.000000000000 0
0.694039112249 0.000000000000 0
4.503429078859 1.037786665891 1
2.197383513522 0.761829423083 0
0.564534706501 0.000000000000 0
1.343212092894 0.000000000000 0
0.774712911374 0.053478769094 0
4.796370355071 0.270813036533 0
9.332942811269 4.026451678065 0
5.124248895687 2.720177391384 1
2.451960429800 0.000000000000 1
5.215188654382 0.171875241284 1
3.768011674375 0.000000000000 1
4.909831000111 0.700272238729 0
1.873358660888 0.000000000000 1
1.511815335070 0.000000000000 1
6.003677076745 5.423669551887 0
0.927833029624 0.000000000000 0
1.640847905415 0.000000000000 1
6.142128408125 0.000000000000 1
5.037417737369 2.466028471183 0
6.105513702726 0.317660473047 1
8.133891557835 0.000000000000 1
2.806646825588 0.000000000000 1
7.306359052770 7.226039128330 0
5.582030506344 0.000000000000 1
4.431653571621 0.000000000000 0
4.527987055057 1.347147888602 0
2.922178561146 1.106049481155 1
6.805793483888 0.000000000000 1
0.596385506437 0.000000000000 0
0.751507711798 0.538543203580 0
6.953696645293 5.520422670364 0
1.831472106587 0.570378079929 0
3.597017575525 0.000000000000 0
7.614093877448 0.000000000000 0
4.238246221596 0.000000000000 0
1.445955064172 0.000000000000 0
8.649858225611 8.290487630227 1
2.522025971003 0.000000000000 0
2.921304237080 0.000000000000 1
6.198696300936 0.000000000000 0
0.910941002208 0.000000000000 0
2.638490483051 0.000000000000 0
2.544809121413 0.000000000000 1
2.163137137156 0.000000000000 0
7.889742451106 0.582147363031 0
2.940265567329 0.000000000000 0
3.793041483224 0.000000000000 0
0.694492143554 0.179633298669 0
0.654819106615 0.393772082403 0
9.659306809906 0.000000000000 1
0.803656415583 0.000000000000 0
1.503227580974 0.000000000000 1
4.390311654139 0.709025393539 0
5.655464026298 0.000000000000 1
1.494618215751 0.000000000000 0
1.391906308596 0.000000000000 1
5.507182581469 3.916935056615 1
1.403457074593 0.389771266089 0
0.780597987724 0.000000000000 0
7.712206458921 0.000000000000 1
2.881760971258 0.000000000000 0
7.298024142683 0.000000000000 1
0.773888565294 0.030163114636 0
7.202065945101 0.000000000000 1
3.865100489312 0.896573547526 0
5.901770352642 0.000000000000 1
4.273513266186 0.000000000000 0
0.931229825606 0.000000000000 0
2.555905559231 0.000000000000 1
3.584731107123 3.548015500940 0
5.368053022412 1.116154622437 0
7.842906871927 0.000000000000 0
2.837695844386 1.656555140002 1
6.209228362548 0.000000000000 1
1.941072785587 1.218991193167 0
0.944313794928 0.000000000000 0
1.202242107862 0.000000000000 1
8.038082422599 0.000000000000 1
2.855879959783 0.000000000000 1
6.574865708013 0.000000000000 1
5.201391644396 0.000000000000 0
1.627581911101 1.455151160306 0
1.582309156822 0.000000000000 1
0.824877416422 0.000000000000 0
4.758885822088 0.000000000000 1
0.930893675814 0.000000000000 0
7.824686953820 2.007053722588 1
1.353277277661 0.314617054664 0
3.399502113220 0.000000000000 0
2.275773595387 0.000000000000 1
1.058553153638 0.000000000000 0
8.812264265385 4.809452126884 1
5.795904082655 0.528641750146 0
1.070820559928 0.000000000000 0
5.976329593088 0.000000000000 0
2.047183019388 0.000000000000 0
5.160673122010 0.965767024784 1
0.426408713724 0.000000000000 0
3.836591570039 0.000000000000 1
4.352615671245 0.000000000000 1
0.027106269946 0.000000000000 0
6.032225648401 0.000000000000 1
3.141041038623 0.000000000000 0
1.586385924058 0.772103935229 0
4.136700809183 0.000000000000 0
7.153592291697 3.659143285555 0
0.610444590430 0.000000000000 0
6.975653282003 5.772978331876 1
2.853999613928 0.000000000000 1
1.773902113699 0.000000000000 0
0.965380495452 0.000000000000 0
3.521187958303 0.000000000000 1
4.757783240121 0.000000000000 0
0.124367137224 0.000000000000 0
1.715005011715 1.184349689489 0
3.952920174037 0.000000000000 1
2.154322996942 1.453691628181 0
6.014220217978 0.000000000000 0
5.541309940950 0.000000000000 0
7.528372562529 0.000000000000 1
9.852143464117 0.000000000000 1
1.659272647436 1.220044153448 1
1.967464432822 0.000000000000 0
1.106716199819 1.012526142272 1
1.008006756023 0.000000000000 0
5.046308724121 0.749195429316 0
4.731294941227 1.861256826167 1
5.402758847921 0.000000000000 1
4.418571523666 0.000000000000 0
0.606112284896 0.000000000000 0
2.135344530893 1.710389664702 0
6.475246424545 0.000000000000 1
3.999570794858 0.000000000000 1
4.924152375048 0.000000000000 1
2.587109233991 0.067057772693 1
5.518820571825 0.000000000000 0
4.940252597362 0.000000000000 0
1.428226829958 0.000000000000 0
6.588490033006 0.000000000000 0
7.099320413366 6.462870619865 1
6.445127095969 0.000000000000 0
2.729435853835 0.000000000000 1
2.988985305581 0.000000000000 0
4.352634782967 0.000000000000 0
2.550154055015 0.000000000000 1
4.299919385736 0.000000000000 0
4.215212456297 0.000000000000 0
2.673335439987 0.000000000000 1
1.857385753357 0.000000000000 1
4.336481638283 0.000000000000 0
0.007294082624 0.000000000000 0
0.316080775700 0.000000000000 0
4.202638156571 0.000000000000 1
6.675209360262 3.343778884827 1
5.687394568623 0.000000000000 1
4.367365186781 2.493369262177 1
3.227697929165 0.939782053365 0
5.951025217702 0.000000000000 1
3.441249569886 0.000000000000 0
5.570077613353 0.000000000000 0
0.358341312298 0.000000000000 0
6.573731918021 4.637800297194 1
8.787423169577 0.000000000000 1
0.165534372831 0.000000000000 0
0.051625114914 0.000000000000 0
1.388557114024 0.000000000000 0
1.219099698878 0.045204913719 0
1.392028465498 0.000000000000 0
4.431511810264 0.282208513014 0
8.170440556936 0.000000000000 0
1.273009304984 0.000000000000 1
2.322381849959 0.209349472923 1
3.576256013580 0.119100110258 0
1.496636128295 0.000000000000 1
7.369764298709 0.000000000000 0
0.692534411675 0.000000000000 0
9.048388519241 0.000000000000 1
0.878964989852 0.000000000000 0
1.783401382383 0.000000000000 0
2.959884865127 0.000000000000 0
2.894392975452 0.000000000000 0
2.150171633553 0.000000000000 0
1.108747133425 0.000000000000 0
2.078402573521 0.000000000000 0
0.377231173115 0.000000000000 0
7.339847511885 0.000000000000 1
1.750029550542 0.000000000000 1
8.788070202801 0.000000000000 1
5.702738173632 0.000000000000 0
3.148155208436 0.183871005163 1
1.256316149250 0.000000000000 0
0.221475813068 0.000000000000 0
5.529456038425 0.000000000000 0
3.013618347623 1.168110029440 0
0.859009664527 0.000000000000 0
1.505072587485 0.000000000000 1
0.255625686751 0.000000000000 0
0.362652301508 0.000000000000 0
1.612390841244 0.000000000000 0
5.657825558646 0.000000000000 1
8.093601741853 0.000000000000 1
5.517537258427 0.000000000000 0
1.710940587312 0.772878624232 0
2.243417638205 0.000000000000 1
1.681816035264 0.000000000000 0
2.642000493668 0.000000000000 0
0.412610664451 0.000000000000 0
0.992337953188 0.606087954025 0
5.608660991131 1.191757092016 1
5.843705576606 0.000000000000 0
2.251644950805 0.000000000000 0
2.063396172700 0.000000000000 1
7.438322648322 1.198437895063 1
6.646319773008 0.000000000000 1
2.417860527962 0.000000000000 1
5.204894040717 0.000000000000 0
0.380801839347 0.000000000000 0
4.862553468349 2.665703268723 1
5.349911988734 0.000000000000 0
1.385700515390 0.000000000000 0
6.189028270026 0.000000000000 0
5.967100559338 0.000000000000 1
0.338950973292 0.000000000000 0
3.370219023093 0.000000000000 1
1.034590636699 0.000000000000 0
0.864053780999 0.462863765498 0
0.825006108439 0.000000000000 0
1.040371853064 0.000000000000 0
2.405345786275 0.000000000000 0
6.849530213557 0.000000000000 0
5.440113950078 0.000000000000 0
1.308528668994 0.000000000000 0
1.503015901100 1.201714963005 1
0.234831342691 0.000000000000 0
16.144903942675 12.637050738325 1
4.005816663628 0.000000000000 1
0.206789824089 0.000000000000 0
0.488394555810 0.000000000000 0
2.838197672612 0.000000000000 1
5.981705107011 1.241911469063 1
2.816613575369 0.795476487320 0
0.298599198212 0.000000000000 0
4.669007327566 0.000000000000 0
3.559329573610 0.000000000000 0
4.116607200303 0.000000000000 1
7.108036448956 0.000000000000 1
4.717567764868 4.179342975249 0
0.462310046775 0.000000000000 0
0.637410431791 0.000000000000 0
2.618137208897 0.000000000000 0
2.368016272637 0.000000000000 0
1.168359180905 0.000000000000 1
1.358079044820 0.588781501994 0
2.072534492452 0.235486995167 0
1.269405630938 0.000000000000 0
2.681145075673 0.274881085014 0
5.145104399044 0.000000000000 0
0.799457025135 0.000000000000 0
3.218300821858 0.000000000000 0
8.863542203671 3.882360325748 1
3.550156878668 0.000000000000 0
6.248062013308 0.000000000000 1
7.217274323882 0.000000000000 0
9.393315098375 4.332213637553 0
4.974628037454 0.000000000000 1
3.035885152978 2.035857936323 1
3.390717041707 0.000000000000 0
7.687728346617 1.803977898058 1
3.986514585080 0.000000000000 0
2.347978416234 1.661722489086 0
1.340807026089 0.000000000000 0
3.920983010997 0.000000000000 0
3.678377336328 0.000000000000 1
5.770929494672 0.000000000000 0
2.547855839094 1.457616610574 0
1.635863125721 0.000000000000 1
1.648330457816 0.000000000000 1
4.269352514811 0.000000000000 1
3.669969214806 0.039895133368 0
6.838976814335 0.000000000000 1
1.488676008402 0.000000000000 0
3.201455339820 0.000000000000 0
3.415097691325 0.000000000000 0
0.047931462333 0.000000000000 0
9.631703234169 1.222512677417 1
9.803068013167 0.000000000000 1
1.364107923654 0.000000000000 0
2.202163390875 0.000000000000 1
2.209974360274 0.000000000000 0
2.661976219607 0.000000000000 1
9.035118144346 0.000000000000 1
0.103472775070 0.000000000000 0
5.282981512925 0.000000000000 0
3.878356864640 0.793187361925 1
5.821086386238 0.193579391655 1
5.343008088108 0.000000000000 1
1.973635274102 0.000000000000 0
2.238309540866 0.000000000000 1
2.458715355060 0.000000000000 1
2.904027632535 0.000000000000 1
1.936499559364 0.000000000000 0
4.205300326241 3.114325201911 1
4.905192629500 0.000000000000 0
1.851869362656 0.000000000000 1
0.374838660668 0.000000000000 0
2.486945847170 0.000000000000 0
0.613886475700 0.051247019336 0
6.432512854067 0.000000000000 1
2.364738408341 0.000000000000 0
2.354358004821 0.000000000000 0
7.244113279661 0.000000000000 0
3.436688868505 0.000000000000 0
5.367900970873 0.739085895634 0
1.633279488014 0.000000000000 1
1.031744099646 0.000000000000 0
2.644432486239 0.000000000000 0
1.880620908296 0.000000000000 0
1.802172438839 0.000000000000 0
7.865002001006 5.270173748847 1
3.885115369879 0.295564485803 0
5.068318815708 0.033362517580 0
2.513601951259 0.000000000000 0
8.497798448801 0.383238601523 1
8.737582240812 2.218717053664 0
4.413314753609 0.000000000000 0
0.040742402309 0.000000000000 0
5.995835807216 2.782442942759 1
3.492780309796 2.091612205064 0
7.856298137925 0.000000000000 1
4.790326934838 0.000000000000 0
0.428998733274 0.000000000000 0
0.007931653015 0.000000000000 0
8.784508423596 0.383587405695 0
0.301047480655 0.000000000000 0
2.394179377125 0.000000000000 1
1.351344045198 0.000000000000 1
3.903690816898 0.000000000000 0
0.634143413680 0.000000000000 0
5.256169761798 1.260077661011 1
7.701873875996 0.000000000000 0
0.704499149248 0.000000000000 0
5.057496068502 3.842266297579 0
4.672346596133 0.000000000000 0
0.110247329556 0.000000000000 0
2.981881986170 0.000000000000 1
5.588989835791 0.000000000000 0
4.683894589316 0.000000000000 0
2.273173244813 0.000000000000 1
4.472869862906 0.000000000000 0
1.033926471613 0.000000000000 0
3.249893508432 0.000000000000 0
4.989745872056 4.560956978382 0
5.605768354715 0.000000000000 1
0.854101313182 0.000000000000 0
0.031536507679 0.000000000000 0
7.287210652043 0.000000000000 1
7.328044233707 0.000000000000 1
8.112045421275 0.000000000000 1
5.725846701874 0.170943403498 0
6.375537156914 1.065584197850 0
1.337107442108 0.000000000000 0
5.402921825668 2.858292732019 1
2.492791246826 1.775066728118 0
1.583355871231 0.000000000000 0
0.556078257879 0.000000000000 0
8.776558591106 0.000000000000 0
0.277065148010 0.000000000000 0
5.380217873144 0.165093098774 0
4.143842643107 0.000000000000 0
3.961862527144 0.000000000000 0
5.302521603428 0.000000000000 1
2.201880096728 0.000000000000 0
5.507163251126 2.340718181779 1
5.824366810280 2.455580080068 0
4.680039027781 0.049475908864 1
2.188294227954 2.019087342732 0
0.038057778694 0.000000000000 0
8.311666536813 0.000000000000 1
6.004689451271 0.383871999880 0
2.157736912773 0.000000000000 1
0.729150281177 0.000000000000 0
1.974289228760 0.000000000000 0
6.948114506928 0.000000000000 1
4.117037072697 0.000000000000 1
5.730499482509 3.483263784731 0
0.677448543977 0.000000000000 0
1.274964820041 0.000000000000 0
3.425813178080 0.000000000000 1
6.644027165603 0.000000000000 1
3.783645796393 1.065980383677 1
6.271773564324 0.000000000000 1
10.638894495382 0.000000000000 0
7.633216439284 0.000000000000 0
7.079757031388 0.000000000000 1
1.231161569454 0.000000000000 0
2.250754293927 0.000000000000 1
6.334177444677 0.000000000000 1
2.691768768371 0.966400044950 0
6.171018286670 2.812567909199 0
3.806054572689 0.000000000000 1
4.787720330127 0.000000000000 0
1.717120306724 0.000000000000 1
1.325234908726 0.922397352530 1
8.435680770956 3.379867195097 0
6.752071195831 0.000000000000 1
2.146766811076 0.000000000000 0
6.745970095425 0.000000000000 1
2.200129798687 0.000000000000 1
0.862389038690 0.000000000000 0
2.164798407338 0.000000000000 0
2.238688550927 0.000000000000 0
7.740379289120 0.530909833806 1
1.914485785633 0.290785486594 0
0.972738247112 0.000000000000 0
5.310952584645 2.188083006091 0
2.295143271735 0.000000000000 1
3.952175734491 3.335478135748 0
1.477060910473 0.000000000000 0
5.374597520924 0.000000000000 0
7.213167759190 1.639121502989 1
1.372244178303 0.000000000000 1
0.847261983128 0.688247664743 0
2.435894576552 0.000000000000 0
6.201735773861 0.096153468042 0
3.957019216254 2.286664242459 1
2.832043229548 0.000000000000 1
1.899818499136 0.000000000000 0
1.085459604611 0.000000000000 1
1.880401706895 1.747912654601 1
2.585791712210 0.000000000000 0
0.173760202427 0.000000000000 0
3.465229481942 1.401462532849 1
1.011492262493 0.000000000000 0
1.591696761525 0.000000000000 0
4.858995437741 0.000000000000 1
11.547970311860 0.000000000000 1
7.461974046597 0.000000000000 1
4.912432070764 0.000000000000 0
1.648024129033 0.000000000000 1
2.163588863905 0.000000000000 1
3.992028780516 2.011021633606 0
9.489561122568 0.000000000000 1
0.093264991205 0.000000000000 0
2.716799832003 0.000000000000 0
1.672136507195 0.000000000000 0
0.773931390582 0.000000000000 0
3.087905189378 0.000000000000 1
4.033240096182 0.272432689708 1
4.453057031209 0.000000000000 0
7.646732507730 0.000000000000 0
1.621222163141 0.267666653638 0
5.700366304236 0.354252600944 0
7.044273909078 0.919584509251 0
1.927781295246 1.514938365660 0
1.379771590870 0.000000000000 1
1.413107155685 0.000000000000 1
6.755269233642 0.000000000000 1
3.179601358007 0.000000000000 0
3.344202612012 0.000000000000 0
2.028621622308 0.000000000000 0
6.839207053301 1.238393514765 1
5.026008367498 0.000000000000 0
6.185935270342 0.298692449977 1
7.374961510161 0.000000000000 1
4.747967449215 0.000000000000 0
2.047554555550 1.768278310350 1
5.986564973155 0.000000000000 1
1.220197393261 0.000000000000 1
0.196251733950 0.000000000000 0
0.563352895533 0.000000000000 0
5.088620397177 2.100599648851 0
8.044066425205 4.615597121714 1
2.419309639392 0.000000000000 1
1.741920466708 0.871184793203 0
2.690018309069 0.000000000000 0
1.148817063295 0.881796976512 1
3.115126549103 0.000000000000 0
1.740086905913 0.000000000000 0
5.254801162241 0.000000000000 0
1.579416705482 0.054949710756 0
0.593752599320 0.000000000000 0
0.810262834602 0.000000000000 1
1.833466470798 0.000000000000 0
3.568499641072 2.625775891272 0
2.019220937139 0.000000000000 0
0.936841809988 0.679134516931 0
0.693213421452 0.000000000000 0
4.475134422983 1.880895610090 0
5.848018461294 0.000000000000 1
4.146692043115 0.000000000000 0
2.847141430773 0.202865944107 0
6.215278731214 1.011566677147 0
2.153600066738 0.000000000000 1
4.629105885649 0.000000000000 0
0.531863000776 0.000000000000 0
0.491042567602 0.000000000000 0
6.270857091325 1.458784177103 1
1.972483895655 0.850264729909 0
6.868228240785 1.166503996260 0
0.828987128090 0.000000000000 0
3.874779026541 0.000000000000 0
9.178954795750 5.655712426339 1
5.441006809736 0.000000000000 1
6.082900630413 0.000000000000 0
6.320414855924 4.813980672705 1
10.698485131967 4.914757480065 1
6.845472650347 0.000000000000 1
9.009774479979 7.342850336650 1
3.595477973740 0.000000000000 0
0.655770674372 0.000000000000 1
4.773200610232 0.000000000000 1
0.080974185712 0.000000000000 0
0.129509912330 0.118449112774 0
0.890795736286 0.184292258952 0
1.948621795227 0.000000000000 1
8.320788563546 1.361175230915 1
6.807534408051 0.243181666525 1
1.232365170152 0.000000000000 0
1.800140108455 0.448082460716 1
4.171355774824 0.000000000000 0
7.381487778730 5.972081007378 1
0.086707691890 0.000000000000 0
1.708483474202 0.183453529515 0
6.910772828923 0.000000000000 1
5.158666796716 0.000000000000 0
6.629527619762 2.574094471839 1
6.288119253236 1.349493913327 0
3.354481217727 0.049304643080 1
1.343906889041 1.223820374698 0
6.375147990111 0.558979078322 1
6.449275748848 0.000000000000 0
6.257081320387 0.000000000000 0
0.695298443546 0.000000000000 0
8.741244661390 0.346824624766 1
0.724376610960 0.000000000000 0
3.408760135940 0.000000000000 0
9.783294656259 0.055980971336 1
9.145554777269 1.824626389509 1
2.645444368995 0.000000000000 0
0.861688732723 0.000000000000 0
2.622498488516 0.000000000000 0
2.185407893146 0.000000000000 0
7.324761896348 0.000000000000 0
4.792642266809 4.761874012221 0
5.518991156433 0.000000000000 0
7.127178614195 0.000000000000 1
0.225074320435 0.000000000000 0
6.760824702545 0.000000000000 0
5.344550281620 2.031875056710 1
6.066645681694 0.000000000000 1
3.486869738650 0.000000000000 0
3.134149890120 0.000000000000 0
5.487705956345 4.370777893840 0
1.154063253824 0.372995509608 1
0.694550548592 0.019758434467 0
2.302227712855 0.000000000000 1
3.589642011781 0.000000000000 0
7.958451555430 0.000000000000 1
1.114138659250 0.000000000000 0
1.622399839491 1.565018249749 0
6.946902494061 0.000000000000 1
4.144025293637 0.109109721781 1
4.593751672688 3.330251520538 1
4.812073254021 3.001045947235 1
4.699181909492 0.000000000000 0
2.260116932269 0.000000000000 0
5.705596053097 0.000000000000 0
4.223294127453 1.243640029523 0
6.184587211402 0.000000000000 1
8.742044009284 3.544904198739 1
9.141796811960 1.926789716450 1
1.173037235933 0.109118029493 0
9.624639275526 0.000000000000 1
2.122500659936 0.000000000000 0
2.474434409262 0.575515925866 0
1.219890685053 0.000000000000 0
0.031490123615 0.000000000000 0
3.247217623950 0.000000000000 0
5.553458211051 0.000000000000 0
4.046042098363 2.231547489827 0
5.326166254522 0.000000000000 1
3.209342812852 0.000000000000 1
2.715367835379 0.000000000000 1
4.807765541529 0.000000000000 1
3.287897676239 0.000000000000 0
2.283069372437 0.000000000000 1
1.753430669061 0.000000000000 0
1.746975434189 0.000000000000 0
1.686198543139 0.000000000000 0
5.539702654429 0.000000000000 0
4.683786233649 0.290953789333 1
7.872402837160 0.088642330583 0
3.514956168113 0.000000000000 0
2.181367500441 0.000000000000 0
8.889468108900 8.718325389793 0
5.792582070379 2.482933471711 0
3.960495114644 0.000000000000 0
7.676111787377 0.000000000000 1
6.019775881374 5.194736849834 1
2.296252230403 0.725397369697 1
6.307415097519 4.619025692642 1
2.496127907499 0.000000000000 0
0.995194830291 0.000000000000 0
2.376487168319 0.000000000000 0
6.079991585604 5.954601902151 0
2.386752005285 0.000000000000 1
0.364161722196 0.000000000000 0
3.683802240751 0.901592561760 0
0.615907653686 0.233938189188 1
4.116417751657 0.000000000000 0
7.592347805003 1.851233476211 1
3.492141655145 0.000000000000 1
8.815499585478 3.206088597673 1
8.205037475998 2.049601675673 1
4.013768744514 0.000000000000 0
2.409430847913 0.000000000000 0
3.115826029011 0.000000000000 1
2.468205205146 0.000000000000 0
7.051208149862 0.000000000000 1
0.918665181716 0.000000000000 0
2.705121252535 0.000000000000 0
6.206780148139 0.000000000000 0
2.809841004703 0.000000000000 0
4.992391748510 0.000000000000 0
0.135175815322 0.000000000000 0
4.266581259407 1.471001169633 1
5.417266253761 1.309735309349 1
1.648218633422 0.000000000000 1
1.652209820067 0.000000000000 0
2.779923995157 0.000000000000 0
2.803603041370 0.000000000000 0
3.221410127394 1.865483809865 0
3.787052136184 0.000000000000 0
3.942674483334 0.000000000000 0
5.940516785838 2.402643398487 0
4.494597804454 0.000000000000 0
1.320616997627 0.000000000000 0
5.733286155340 0.914035454807 1
3.004592666303 2.596726623414 0
0.569132372358 0.000000000000 0
1.208469114057 0.048012258265 0
1.898460146199 0.000000000000 1
1.208912357332 0.000000000000 0
6.257260669259 0.000000000000 0
0.303850895049 0.000000000000 0
2.159483034960 0.000000000000 1
2.926261470038 0.000000000000 0
0.949087451849 0.000000000000 0
1.489768618927 0.000000000000 0
9.315750825307 6.081231878322 1
1.618843098119 0.000000000000 0
5.197122322684 0.000000000000 0
4.095033592499 0.000000000000 0
0.322957060876 0.000000000000 0
7.657031499428 0.497091629636 0
1.110869432216 0.000000000000 0
4.389389442970 0.000000000000 0
1.278420344313 0.234770856508 0
0.579427896044 0.000000000000 0
0.600846122273 0.000000000000 0
0.420640377209 0.000000000000 0
4.341301594983 0.000000000000 0
3.074356539690 0.000000000000 0
8.108452332086 0.000000000000 1
3.565503385734 0.000000000000 0
0.847116632206 0.117269319726 0
1.064342107421 0.000000000000 0
1.738756492591 0.000000000000 0
4.318031550767 3.341501136060 0
2.079479336462 0.000000000000 0
2.657564089143 0.000000000000 0
1.079000526155 0.000000000000 1
1.681055470159 0.000000000000 0
6.465998121040 0.000000000000 1
5.670339527681 1.776589649602 0
0.284919158516 0.000000000000 0
0.532089701403 0.000000000000 0
0.131081684893 0.000000000000 0
0.392226667920 0.000000000000 0
6.525287636130 0.000000000000 1
1.309806215372 0.000000000000 0
0.428246549115 0.000000000000 0
8.934276667715 0.000000000000 1
1.964142992973 0.000000000000 0
7.106566215781 2.045007073939 1
2.198273949391 0.000000000000 0
1.119852224883 0.000000000000 0
1.437842628413 1.207443719284 0
7.872455415654 0.902434190261 1
1.388025874227 0.000000000000 0
4.503923237594 0.000000000000 1
8.382082325574 0.000000000000 0
5.319689038585 0.000000000000 0
7.097316796131 0.000000000000 1
1.950181035552 0.000000000000 0
4.774303559021 2.923763757231 0
0.383789790166 0.000000000000 0
2.912927078460 0.000000000000 1
1.868071387289 0.000000000000 0
2.508781254836 2.361456190212 1
1.546699789772 0.000000000000 0
2.713811299758 0.000000000000 0
3.397408553997 0.000000000000 0
3.925078332633 2.033092818403 0
2.150811056086 0.000000000000 0
5.721169149141 0.000000000000 1
1.503543527564 0.185293040928 0
2.792788639352 0.517388825045 0
0.880228450303 0.000000000000 0
3.690319067202 0.000000000000 0
0.302336996399 0.000000000000 0
7.955362677932 0.000000000000 0
4.223523410742 0.486301800723 0
1.189642985202 0.000000000000 0
1.195161500852 0.000000000000 0
3.429280195599 0.000000000000 0
4.409125226949 0.000000000000 1
1.423395259044 0.074112392952 0
8.585484964163 0.000000000000 1
6.213266674833 0.000000000000 0
0.117693561496 0.000000000000 0
4.780803072305 0.000000000000 0
1.552915877539 0.998174649190 0
8.323778910394 7.379309034467 0
2.695058053858 0.000000000000 1
0.413607498621 0.000000000000 0
8.159002301013 0.000000000000 1
1.593991179692 0.000000000000 1
5.126859036885 0.000000000000 1
2.004710570105 0.000000000000 1
0.313348292093 0.000000000000 0
3.352469742351 0.000000000000 0
6.446537667476 0.000000000000 0
1.274465518620 0.000000000000 0
2.466958308957 1.085137060185 1
1.432398919169 0.000000000000 0
2.073742448494 0.000000000000 0
5.916262771282 0.000000000000 1
0.465397812346 0.000000000000 0
7.800125627269 0.000000000000 1
2.389364315060 0.000000000000 0
6.362144718387 0.000000000000 0
6.579697741764 0.000000000000 1
2.689843370153 0.102631797666 0
1.887667270751 1.526545127420 1
3.318536363905 1.787780872308 0
7.559004860016 0.000000000000 1
9.245592151689 7.165738644511 1
5.306455201613 4.399979903677 1
3.247158527288 0.809255398305 0
5.756445124596 0.000000000000 1
9.510607746148 0.000000000000 1
3.629505751967 0.056500137122 0
1.228913313503 0.000000000000 0
4.361352674592 0.000000000000 0
3.071726768025 0.000000000000 1
6.090439207272 3.592761664063 1
2.701329130154 0.000000000000 0
2.862646801240 0.000000000000 0
4.886049538013 0.000000000000 0
1.605633633835 0.000000000000 0
3.883766227354 0.000000000000 1
0.400382783237 0.000000000000 0
7.781094588224 0.000000000000 1
4.006090915815 0.000000000000 1
3.130758161047 0.000000000000 0
2.933327745134 0.000000000000 0
3.621675470682 0.000000000000 0
3.142159488495 2.380244407159 0
4.074391632316 0.935346769048 0
0.566530002606 0.243907250375 0
3.100105872868 0.000000000000 0
0.407583661114 0.000000000000 0
4.033991674725 0.000000000000 1
7.821023991649 2.095770303264 0
1.824198113981 0.000000000000 1
5.644665610058 0.000000000000 0
0.936683231094 0.856970683389 0
1.044494144822 0.000000000000 0
4.746941946641 1.133158463546 0
8.536360955261 0.000000000000 1
2.016324656623 0.000000000000 1
2.317200778226 0.000000000000 0
1.559178888424 0.000000000000 0
2.470009247948 0.000000000000 0
4.047575721193 1.682855013908 0
0.102185057277 0.000000000000 0
5.808331644848 0.000000000000 1
8.732390170845 0.000000000000 1
2.582366198722 0.000000000000 1
0.798839115616 0.000000000000 0
1.815159385773 0.000000000000 1
8.001297002698 0.000000000000 0
5.080228803098 0.000000000000 1
4.667177824940 2.069345609037 1
1.055965440907 0.000000000000 0
1.687538023761 1.492520058304 1
5.026065117489 0.000000000000 0
0.783928643035 0.404751998573 0
6.513565583848 2.483484243670 0
9.769466145721 0.000000000000 0
7.297004125268 0.477329035624 1
0.916912000652 0.207461780673 0
11.445146195961 11.124013871891 1
2.500752319969 0.466202437287 0
8.140864773682 0.000000000000 1
8.980115111263 0.000000000000 1
5.171570658694 0.000000000000 1
3.256009294601 0.622201491156 0
3.145710272189 0.000000000000 0
3.108100369391 0.000000000000 0
1.236204954333 0.000000000000 0
2.382600986912 0.000000000000 0
2.561505363105 1.202357740720 1
4.998981532202 3.713433211643 0
1.754976719494 0.728586654010 1
9.536417647309 8.107719104624 0
8.597883624648 0.000000000000 1
3.433235498706 0.000000000000 0
3.364639174110 1.850700562782 1
1.081268615721 0.667296493654 0
3.063009013812 0.000000000000 0
2.046838794549 1.324001427350 1
2.781441408092 0.388278349884 0
4.961971665650 0.000000000000 1
8.857940542040 0.000000000000 1
1.699506842721 0.000000000000 0
1.853496174468 0.000000000000 1
5.223583046695 0.000000000000 0
0.353397540905 0.173973831969 0
7.206138773109 1.847813159705 1
6.921566844917 6.778644128363 0
1.367755208438 0.000000000000 1
0.834267147179 0.000000000000 0
1.903108133145 0.382763479092 0
1.986099369291 0.000000000000 0
8.535994270353 0.000000000000 1
4.255608721332 2.471646125112 1
2.264084303716 0.000000000000 0
9.124722797663 0.000000000000 1
2.066150276664 1.286572850675 0
4.059383999397 0.000000000000 1
1.455056110437 0.000000000000 0
6.746349775728 0.034051834382 0
8.690909657280 0.381967483675 1
1.033805721887 0.000000000000 0
0.169744843158 0.000000000000 0
4.198364562047 2.265201866795 0
2.595066487174 0.000000000000 0
1.719768887244 0.000000000000 0
3.590389514266 0.000000000000 1
0.217342541172 0.000661219015 0
1.490423041283 0.000000000000 0
6.468557743276 0.000000000000 1
1.312360205523 0.000000000000 0
7.271625122257 4.944440434598 1
0.980955011588 0.000000000000 1
0.792526654130 0.000000000000 0
7.351183473226 0.000000000000 1
8.420268678132 0.831382943946 1
3.295597370208 1.606484497193 0
7.144705768896 0.000000000000 1
3.061526118282 0.000000000000 1
2.251862824964 0.000000000000 0
7.766330349943 0.772726361710 1
1.429684504469 1.328307575673 1
6.941104033983 6.417073024177 0
4.562233469253 0.000000000000 1
6.518724482403 0.000000000000 1
3.637490599103 0.046731618208 0
7.058563612530 6.011572220768 1
7.302984673306 0.000000000000 1
2.331400482133 0.000000000000 0
4.482952761270 3.734956221182 1
3.205893715759 0.000000000000 0
1.134511953639 0.000000000000 0
4.330723669586 3.999599984302 1
2.058969356310 1.964028375723 0
2.233241112597 2.011058010888 0
