3.492680506111 0.000000000000 1
1.179196132714 0.183965015316 0
7.164556876037 0.000000000000 1
5.694443956479 0.554463323090 1
0.326135463957 0.636639430951 0
1.803663211479 0.000000000000 1
5.219848434671 0.000000000000 1
2.419605336471 0.000000000000 1
3.237104576241 0.457026059277 1
4.556610608109 2.468132961913 1
2.297072334791 0.000000000000 1
5.899348531586 0.000000000000 1
2.439633823218 0.000000000000 0
9.764619078268 0.000000000000 1
5.533571084719 0.000000000000 0
0.047108959444 0.000000000000 0
3.702490625582 0.000000000000 0
3.866541816292 0.000000000000 0
1.421386290103 0.000000000000 0
0.725554642074 0.746670650235 0
6.656422673870 1.455718857911 1
0.531139397797 0.047476632612 0
1.436901365302 0.000000000000 0
6.282092946486 0.000000000000 0
6.590174228332 0.000000000000 1
1.614011251793 0.000000000000 0
6.679472531780 1.886560333465 1
7.761888792392 0.000000000000 1
1.944047089138 0.098718733859 1
2.206370492120 1.925087762790 0
0.494457744014 0.000000000000 0
1.830273123318 0.000000000000 0
6.999475888118 0.000000000000 1
0.772686397061 0.000000000000 0
9.878375038956 0.000000000000 1
2.017832667927 0.000000000000 0
3.311201207518 0.000000000000 0
0.608752678120 0.000000000000 0
5.384712241581 0.000000000000 1
7.376655720618 0.281545038603 1
5.532910922622 2.204483879056 1
5.816653711809 0.181132016615 0
1.007714770696 0.068853486207 1
4.811478838300 0.000000000000 1
3.801159340789 0.000000000000 0
0.367940964923 0.000000000000 0
7.113842216998 0.000000000000 1
8.081574100508 0.000000000000 1
3.203009410631 0.398894266007 0
8.089128223529 0.000000000000 1
3.867262919195 0.000000000000 0
0.144571398535 0.000000000000 0
1.801809995754 1.244175644249 0
1.478468623880 0.000000000000 0
6.906387538468 0.000000000000 0
1.665041538810 0.000000000000 0
1.925333786083 0.000000000000 1
8.119395026934 0.000000000000 1
2.025116982877 1.569152392851 0
2.462565707809 0.000000000000 0
6.381346067534 2.309056395959 0
7.177023427486 2.726104369955 1
1.456369908771 0.000000000000 0
0.057719601377 0.000000000000 0
0.039293128873 0.306624286098 0
7.562575716174 0.000000000000 1
1.086697314119 0.044135843774 0
3.431751992279 0.000000000000 1
1.539214746481 0.000000000000 0
5.435377630374 0.000000000000 0
1.100721558478 0.982804458335 0
2.092499137338 0.000000000000 0
4.833560818164 0.000000000000 1
9.961077825750 0.000000000000 1
2.668770629058 0.000000000000 1
6.390113047817 0.000000000000 1
6.995842972762 0.000000000000 1
0.631490182440 0.000000000000 0
2.758785813112 0.000000000000 1
6.998689768783 0.000000000000 1
1.135589392298 0.000000000000 0
1.955257596735 0.000000000000 0
1.491005373865 0.000000000000 0
2.479704493781 0.000000000000 1
2.143057223232 0.000000000000 1
3.133805374429 0.000000000000 1
6.014024635500 0.000000000000 0
1.777637831092 0.000000000000 1
3.118277252656 0.288361082689 0
3.173105178603 0.000000000000 0
4.838218342458 0.000000000000 0
1.030469728035 0.021345368616 0
9.504640882650 1.655780072172 1
8.318741761023 0.000000000000 1
2.047214269955 0.105824627745 1
0.405129406148 0.000000000000 0
1.205282539701 0.333811858516 0
5.532679513850 0.000000000000 0
0.090495811294 0.000000000000 0
2.478919252778 0.000000000000 0
6.651482865717 0.000000000000 0
9.203981613711 0.000000000000 1
6.451720705929 0.000000000000 0
1.863030210299 0.339744216144 0
0.186542761534 0.906941897015 0
1.149199498034 1.091337552702 1
5.900413052920 0.000000000000 1
1.259341319733 0.000000000000 1
6.603835532884 0.000000000000 1
1.202638357657 0.000000000000 0
1.185910188657 0.000000000000 0
2.888151979156 2.103199041759 1
1.749497170531 0.000000000000 0
4.860186833101 0.000000000000 1
8.346104681519 0.000000000000 1
2.297080505013 0.000000000000 0
1.089935466167 0.000000000000 0
5.961691653266 1.886719243558 1
9.164534398071 0.000000000000 1
0.301718287829 0.000000000000 0
3.222401401488 0.261778347654 1
5.248476247040 0.000000000000 1
2.621400554176 0.000000000000 1
2.275808284810 0.000000000000 0
1.691231021109 0.000000000000 1
8.541093788539 0.000000000000 1
7.855143988886 6.845235696863 1
6.576679341804 1.033654193722 1
4.945446417919 0.000000000000 0
7.568126755418 1.900935255381 1
1.052183299032 0.795762894604 0
5.871263725342 0.000000000000 1
7.944635388557 0.000000000000 1
6.513899202987 0.000000000000 0
0.148500653133 0.000000000000 0
1.656333575302 0.000000000000 0
1.672529333964 0.000000000000 1
2.183879884459 0.000000000000 1
4.401245751960 0.573486661534 1
1.928907682416 0.953775958986 0
2.210915958107 0.624276163355 0
3.168573041746 0.000000000000 0
4.141110249514 1.062900015618 0
6.904868640903 0.000000000000 0
8.045881617916 0.000000000000 1
4.734986213700 0.000000000000 1
6.732409109088 0.000000000000 1
2.987617367594 0.000000000000 0
1.316673839902 0.000000000000 0
5.694124253694 0.309170325434 1
1.554715099460 1.008447330019 1
10.050923866719 2.730631027628 1
5.972088836826 0.000000000000 1
1.208683462007 0.000000000000 0
4.672127559247 0.958376849592 0
6.121904983010 0.000000000000 1
4.553445656542 0.000000000000 0
5.669090385863 0.000000000000 1
7.190208416858 0.000000000000 0
3.079113181368 0.000000000000 0
1.734661601440 0.538373424035 0
7.085125584764 0.000000000000 1
5.283067016044 0.000000000000 1
5.583498169803 0.000000000000 0
6.831132584648 0.000000000000 1
0.814986129328 0.000000000000 0
2.128969056074 0.000000000000 1
2.632609287536 0.000000000000 1
7.714100310716 0.000000000000 1
1.542047948352 0.638028571170 1
3.195237554881 0.000000000000 0
2.427565360548 0.000000000000 0
5.452451961443 0.000000000000 1
5.104774863765 0.000000000000 1
3.580859529284 0.000000000000 0
4.134714242756 0.000000000000 1
3.877470855279 0.000000000000 0
9.002542485754 0.000000000000 1
5.678836355168 0.000000000000 1
1.445560885598 0.000000000000 0
6.558622799684 0.527218733851 0
0.576675333173 0.000000000000 0
5.550832644344 0.000000000000 1
3.232933232901 2.361548560458 0
2.495941064194 1.856875916245 1
3.888646533377 0.000000000000 1
3.851010646595 0.000000000000 1
1.272314147214 1.734896674177 0
0.548116404434 0.000000000000 0
5.883214505421 0.000000000000 0
8.516643596450 0.000000000000 1
1.206514360410 0.000000000000 1
1.604422373572 0.000000000000 1
3.619339812900 0.000000000000 0
2.479970982355 0.000000000000 1
4.147418308142 0.000000000000 1
0.839234260185 0.000000000000 1
1.933508820493 0.000000000000 1
1.236050849461 0.104549601966 0
1.839804227723 0.000000000000 1
3.089368641066 0.000000000000 1
8.278462723947 0.000000000000 1
0.790320539622 0.000000000000 0
2.356767574478 0.000000000000 1
1.452321722365 0.413410752426 0
5.723324657840 0.000000000000 1
4.505636368258 0.000000000000 0
1.479052794352 0.000000000000 1
1.405628802751 0.000000000000 1
9.088498085883 2.609992849762 1
2.759310875925 2.943788179390 0
3.720045281030 0.000000000000 1
4.194888496930 0.000000000000 1
5.766365532514 0.000000000000 0
1.013369089960 0.000000000000 1
2.416487171438 0.000000000000 1
1.149890337654 0.000000000000 1
3.169958909231 0.314891204910 0
4.541345039425 0.228034422174 1
7.230397545543 5.539015099854 1
0.967032170141 0.479624859837 0
8.824151749067 0.000000000000 1
1.780568756545 0.000000000000 0
0.298171674744 0.000000000000 0
4.738040516206 0.000000000000 0
3.498801530953 0.000000000000 0
3.562917704080 0.161797035332 0
6.916214731844 0.000000000000 1
2.741137606749 0.168933651920 0
5.201740208122 0.000000000000 1
6.170315476631 0.000000000000 0
5.539195158901 0.938186644926 1
5.031104160872 0.000000000000 0
3.649723437359 0.000000000000 1
6.094847318830 0.000000000000 1
0.117494954115 0.000000000000 0
5.185741172348 0.000000000000 0
1.230755747632 0.484055568758 0
7.040266503116 0.330505025571 1
3.653448238262 0.000000000000 0
0.342060337982 2.846353380310 0
3.899263634306 0.000000000000 0
0.304882625289 0.000000000000 0
2.106689831347 2.391540549633 0
0.305643742568 0.000000000000 0
3.399488332759 0.000000000000 1
7.534868971444 0.318842900034 1
0.060114572941 0.713983581847 0
2.332393671480 1.319009283451 1
4.744184513472 0.000000000000 1
8.891255332229 0.000000000000 1
2.080584434071 0.000000000000 1
5.569501857619 0.000000000000 0
5.759362932062 0.000000000000 1
2.088909907734 0.000000000000 0
1.474957687147 1.158993135610 0
2.195609973047 0.000000000000 0
2.790990047748 0.000000000000 1
7.794615169452 0.000000000000 1
8.351479734713 0.799578928216 1
2.212174716465 3.117007804289 0
1.369242734589 0.000000000000 0
9.085257613853 0.000000000000 1
2.611779463457 0.000000000000 1
7.367863242165 0.000000000000 1
6.980193888478 0.000000000000 1
4.463937380538 0.000000000000 0
8.147783755198 0.000000000000 1
4.903732473743 0.000000000000 1
6.711833388224 0.000000000000 0
7.855415137425 0.037875537935 1
7.293896045145 0.000000000000 1
0.477697199032 0.239588884075 0
1.720298560931 0.000000000000 1
3.602576427596 0.000000000000 0
8.820318437028 0.000000000000 0
0.254523864144 0.349998787495 0
7.637167656285 0.161240264101 1
4.718181351076 0.000000000000 1
1.918590265131 0.147653842318 1
2.416687794915 0.000000000000 1
0.002770599804 0.000000000000 0
1.188449659534 0.000000000000 0
2.643155871965 0.000000000000 0
6.353700739504 0.000000000000 0
6.896348655691 0.000000000000 1
1.821388171836 0.000000000000 0
0.719117220620 0.000000000000 0
2.716114311534 0.000000000000 1
4.595523858629 0.855419165014 1
0.777441045837 0.000000000000 0
2.181171330252 0.253878025542 1
2.520951186782 0.000000000000 1
2.778819147392 0.000000000000 0
0.215198007512 0.000000000000 0
6.411029735800 0.775115995252 1
6.734705991891 0.000000000000 0
3.263979825935 0.000000000000 0
0.952319990060 0.583407443407 0
0.214326326760 0.000000000000 0
2.943658866055 0.103529337734 1
6.041419827801 3.797240625514 1
1.227243016948 0.000000000000 1
5.052019510064 0.000000000000 0
7.977713401512 0.155905686028 0
7.831887331532 2.400437685437 1
6.005403352462 0.789201493899 1
1.882374035453 0.000000000000 1
5.082164157559 0.000000000000 0
7.910664092926 0.000000000000 1
3.431724043537 0.000000000000 1
3.172685597504 0.000000000000 1
1.560018023107 0.000000000000 1
5.225841890711 0.000000000000 1
0.776025625206 0.000000000000 0
9.428554554322 0.000000000000 1
5.463604881359 1.176601115806 0
0.120387293636 0.000000000000 0
2.095001859438 0.793294498378 0
3.491907535087 0.000000000000 0
2.500932197028 0.000000000000 1
4.586454875737 0.000000000000 1
7.864890070345 0.000000000000 1
0.960742496097 0.000000000000 0
6.557161602514 0.000000000000 1
4.745428513485 1.573888541824 1
1.700333490318 0.000000000000 1
6.980818615445 0.000000000000 1
0.475919317651 0.000000000000 0
2.057690727650 0.000000000000 0
2.891092406243 0.000000000000 0
6.635847442876 0.559849434505 1
0.890544529267 0.018128649942 0
3.578471769631 0.000000000000 1
2.183472431887 0.000000000000 0
2.571044385790 0.667927406451 1
1.537355850889 0.000000000000 0
0.604632864606 0.000000000000 0
4.155844542720 0.000000000000 1
4.312928530352 0.000000000000 1
3.092616486071 1.763620347688 1
3.558277758158 0.000000000000 0
3.262384838044 0.000000000000 1
7.356182420365 0.000000000000 0
1.094031270186 0.687583734753 1
6.305726184862 1.047492148349 1
6.990006431805 0.000000000000 0
7.258263426330 0.670199496157 1
2.588480225088 0.000000000000 0
0.149124299680 0.000000000000 0
1.171780598931 0.000000000000 1
5.621994936807 0.000000000000 0
3.528161955306 0.000000000000 0
2.112502695694 0.955043020715 0
7.078827841313 0.000000000000 1
5.002063639952 0.000000000000 1
4.460842650568 1.070715415900 0
2.362660659092 0.435036668661 1
5.494387389412 0.000000000000 1
6.855733157505 0.000000000000 1
6.487487765817 0.000000000000 1
6.139432620741 0.000000000000 1
1.559005327381 0.466142697004 1
1.207269224078 0.913403304422 0
2.271911484381 0.000000000000 0
0.452660834489 0.000000000000 0
0.485941780112 1.927953643382 0
4.193090065972 0.000000000000 0
2.535405150620 0.000000000000 1
1.060741945312 0.573871456701 0
1.511082113406 1.416209553814 0
3.359326724486 0.000000000000 0
5.581150966519 0.000000000000 1
0.768605454923 0.000000000000 1
4.188705075472 0.000000000000 0
1.416065871706 0.000000000000 1
5.813277213909 0.000000000000 0
7.468931128614 0.832577796960 1
8.542655884905 0.529477803075 0
8.944239221133 0.766125078281 1
5.980359988460 0.211366041505 1
3.293378188658 0.000000000000 1
2.151254487539 0.439476702704 0
1.566633770920 0.000000000000 0
1.664112441273 0.722998537100 1
2.072990998374 0.082183991706 0
1.596150081228 0.000000000000 1
5.435940300101 0.000000000000 0
5.124248895687 0.000000000000 1
2.451960429800 0.000000000000 1
5.215188654382 0.085937620642 1
3.768011674375 0.000000000000 1
7.855729600178 0.350136119365 0
1.873358660888 0.000000000000 1
1.511815335070 0.000000000000 1
4.032493195776 2.711834775944 0
1.960474126600 0.000000000000 0
8.079297818131 1.200735415349 0
1.640847905415 0.774879827630 1
6.142128408125 0.000000000000 1
6.409182906699 1.233014235592 1
6.105513702726 0.158830236524 1
8.133891557835 0.000000000000 1
2.806646825588 0.000000000000 1
8.552340320673 3.613019564165 1
5.582030506344 0.000000000000 1
7.050236298575 0.000000000000 1
6.379532548557 0.673573944301 1
0.954058852265 0.553024740577 0
3.564789461920 0.892887980155 0
1.784351090910 0.000000000000 0
2.346013730754 0.000000000000 1
2.025245102902 0.150301542360 0
8.112323180734 0.286289990871 1
1.111206778641 0.393964479297 0
4.807295239700 0.091760320506 1
7.490046227199 0.000000000000 1
8.702011072328 0.000000000000 1
5.308137097540 0.000000000000 0
6.216548975601 0.198463129309 1
2.380435541585 0.000000000000 0
0.061239551064 0.000000000000 0
5.251883129261 0.000000000000 1
3.449932399397 0.000000000000 0
6.382467469600 0.000000000000 1
0.459993327755 0.000000000000 0
9.465308336257 0.000000000000 1
4.192958824233 0.000000000000 1
4.221584772881 0.650880686009 0
2.544809121413 0.000000000000 1
3.461019419449 0.000000000000 0
9.700262238274 0.291073681516 1
4.704424907726 0.000000000000 0
5.997718893846 0.000000000000 1
1.111187429686 0.089816649335 0
1.047710570584 0.196886041201 0
9.659306809906 0.000000000000 1
1.285850264933 0.000000000000 0
1.503227580974 0.000000000000 1
7.024498646622 0.354512696770 0
5.655464026298 0.000000000000 1
2.391389145202 0.000000000000 0
1.391906308596 0.000000000000 1
5.507182581469 1.958467528308 1
2.245531319348 0.194885633044 0
1.248956780359 0.000000000000 0
7.712206458921 0.000000000000 1
4.610817554013 0.000000000000 0
7.298024142683 0.000000000000 1
1.238221704471 0.015081557318 0
7.202065945101 0.000000000000 1
0.481865236846 0.448286773763 0
1.748040876426 0.000000000000 0
4.234690085055 0.000000000000 0
3.989595541218 0.000000000000 0
0.895769408015 0.000000000000 0
2.002946490934 0.322860858286 0
4.464618489748 0.014866420950 0
6.528611118143 0.000000000000 0
2.696623497160 0.000000000000 0
2.837695844386 0.000000000000 1
6.209228362548 0.000000000000 1
1.164281802928 0.609495596583 0
6.767716480717 0.000000000000 1
2.294314174868 1.222673057868 0
3.969046678446 0.000000000000 0
2.999676949510 0.691370176414 0
6.707460687561 0.000000000000 1
1.596903434486 0.000000000000 1
5.171930044239 0.325516382220 1
4.874753685811 0.000000000000 1
6.569478103553 0.000000000000 1
4.905800389233 0.000000000000 0
1.955250523045 0.000000000000 1
1.906082106954 0.074162522948 0
5.218114706063 3.048664388668 1
2.275773595387 0.000000000000 1
1.693685045820 0.000000000000 0
1.930931363634 2.404726063442 0
2.418608951687 0.000000000000 1
5.883419239369 0.000000000000 0
8.498278456209 0.214164111986 1
9.075974089888 0.000000000000 1
2.369163936227 0.000000000000 1
2.888605488857 3.719073062423 0
3.836591570039 0.919451119399 1
4.352615671245 0.000000000000 1
0.043370031913 0.000000000000 0
6.032225648401 0.000000000000 1
5.025665661797 0.000000000000 0
2.538217478492 0.386051967614 0
4.286730087963 0.000000000000 1
10.350038916980 1.829571642778 1
0.976711344688 0.000000000000 0
6.975653282003 2.886489165938 1
2.853999613928 0.000000000000 1
2.838243381918 0.000000000000 0
1.544608792723 0.000000000000 0
3.521187958303 0.000000000000 1
7.612453184194 0.000000000000 0
0.198987419559 0.000000000000 0
2.744008018743 0.592174844745 0
3.952920174037 0.000000000000 1
3.446916795107 0.726845814091 0
9.399108836937 0.000000000000 1
8.866095905521 0.000000000000 0
7.528372562529 0.000000000000 1
9.852143464117 0.000000000000 1
1.659272647436 0.610022076724 1
3.147943092515 0.000000000000 0
0.401293044099 0.506263071136 0
7.051729173231 0.000000000000 1
7.434916262697 0.092656331109 0
2.102879846477 0.000000000000 0
6.046374078494 0.000000000000 0
8.958800171181 1.527154997291 1
6.664565389094 0.000000000000 1
2.069500312184 0.635720122154 0
6.475246424545 3.241715440194 1
3.999570794858 0.000000000000 1
4.924152375048 0.000000000000 1
2.587109233991 0.033528886347 1
7.027008860570 0.000000000000 1
7.904404155780 0.000000000000 0
2.285162927933 0.000000000000 0
8.699543749207 0.000000000000 1
6.216408765838 3.231435309932 1
3.839071711794 0.000000000000 0
7.845067085305 0.000000000000 1
0.073138225358 0.000000000000 0
5.563921574093 0.000000000000 1
2.640080137346 0.000000000000 0
0.965951211655 0.000000000000 0
5.700808839754 0.000000000000 1
5.079395950205 0.000000000000 0
0.722812332122 0.000000000000 0
4.527273519424 0.000000000000 1
6.670186718805 0.912004452843 1
0.011670532199 0.000000000000 0
0.505729241121 0.000000000000 0
4.202638156571 0.000000000000 1
0.798881035354 1.671889442413 0
5.975345279964 0.187909253732 1
5.687394568623 0.000000000000 1
3.186441373087 1.246684631089 0
3.759128213459 0.000000000000 0
7.329503606010 0.000000000000 1
3.716973597764 0.000000000000 0
3.246633818323 0.000000000000 0
7.531225325579 0.000000000000 0
1.573124538375 0.000000000000 0
6.573731918021 0.000000000000 1
8.787423169577 0.000000000000 1
0.264854996530 0.000000000000 0
0.082600183862 0.000000000000 0
2.221691382438 0.000000000000 0
1.950559518204 0.022602456860 0
2.227245544796 0.000000000000 0
6.548953972568 0.141104256507 1
8.267815346736 0.000000000000 1
1.273009304984 0.000000000000 1
2.322381849959 0.104674736462 1
5.722009621729 0.059550055129 0
1.496636128295 0.000000000000 1
8.318319696637 0.000000000000 1
1.108055058680 0.000000000000 0
9.048388519241 0.000000000000 1
1.406343983763 0.000000000000 0
2.853442211814 0.000000000000 0
4.735815784203 0.000000000000 0
4.631028760723 0.000000000000 0
3.440274613685 0.000000000000 0
1.773995413480 0.000000000000 0
3.325444117634 0.000000000000 0
0.603569876984 0.000000000000 0
7.339847511885 0.000000000000 1
1.750029550542 0.000000000000 1
8.788070202801 0.000000000000 1
6.470686582564 0.000000000000 1
3.148155208436 0.091935502581 1
2.010105838800 0.000000000000 0
0.354361300909 0.000000000000 0
7.077726996905 0.000000000000 1
4.821789356197 0.584055014720 0
1.300457938944 0.000000000000 1
1.505072587485 0.000000000000 1
0.409001098801 0.000000000000 0
0.580243682413 0.000000000000 0
2.579825345991 0.000000000000 0
5.657825558646 0.000000000000 1
8.093601741853 0.000000000000 1
7.604487144609 0.000000000000 1
2.737504939698 0.386439312116 0
2.243417638205 0.000000000000 1
2.690905656422 0.000000000000 0
4.227200789869 0.000000000000 0
0.660177063121 0.000000000000 0
1.587740725102 0.303043977012 0
5.608660991131 0.595878546008 1
9.016607865645 0.000000000000 1
3.602631921288 0.000000000000 0
2.063396172700 0.000000000000 1
0.707868934548 0.599218947532 0
3.166257378517 0.000000000000 0
2.290565420739 0.000000000000 0
7.579451128693 0.000000000000 0
0.980505285728 0.000000000000 0
4.862553468349 0.000000000000 1
6.103314234124 0.000000000000 1
2.217120824623 0.000000000000 0
7.060743906681 0.000000000000 1
5.967100559338 0.000000000000 1
0.542321557268 0.000000000000 0
3.370219023093 0.000000000000 1
1.655345018719 0.000000000000 0
1.382486049598 0.231431882749 0
1.320009773503 0.000000000000 0
1.664594964903 0.000000000000 0
3.848553258041 0.000000000000 0
6.916819296557 0.000000000000 1
7.288796557953 0.000000000000 1
2.093645870391 0.000000000000 0
1.503015901100 0.600857481503 1
0.375730148305 0.000000000000 0
8.336665902173 6.318525369163 1
6.617790279794 0.000000000000 1
1.963921299138 0.000000000000 0
3.643436790478 1.309974107643 0
1.518019794658 0.000000000000 0
6.580338983119 0.039115109572 0
3.633056302630 1.407645984683 1
5.904639369929 0.000000000000 0
4.718116983390 0.000000000000 1
6.687343169967 4.032380315973 0
3.766507408973 0.000000000000 0
3.442284290783 0.000000000000 1
3.428825268110 0.146644416759 0
6.799096114443 0.000000000000 0
5.757099388749 1.489821853955 0
1.823709471382 0.000000000000 1
7.045775008853 0.139401287006 1
3.045671730874 0.000000000000 1
2.906889495897 0.000000000000 1
0.941837941722 0.575333608030 0
7.846510040989 0.000000000000 1
9.278719397699 0.000000000000 0
2.966647624101 0.000000000000 0
6.685548497388 0.804981024265 1
5.888898819683 0.000000000000 0
0.331215946368 0.000000000000 0
4.343117986919 0.000000000000 1
8.868771237900 0.038502948953 1
7.188591845095 0.380153857962 0
5.724324725956 3.816314108552 1
3.487121164658 0.000000000000 0
1.063773646845 0.000000000000 0
3.908001919842 0.764025981883 0
1.407446501743 0.000000000000 0
1.235033446537 0.000000000000 0
1.065458812109 0.000000000000 0
3.667048308211 0.000000000000 0
4.200530593477 0.000000000000 0
1.087239341286 0.000000000000 0
6.637332267677 0.000000000000 1
2.192048282340 0.000000000000 0
7.327416929855 0.040026866066 1
1.305111464230 0.231146191441 1
2.440893690046 0.000000000000 0
2.470313476730 1.631574610766 0
4.333979793722 0.000000000000 0
7.466297826331 1.486096243308 0
6.297165943054 2.409012387589 0
3.438626999746 0.510090368577 0
2.815486880979 1.314254186584 1
2.417533678949 0.000000000000 1
3.278036855394 0.000000000000 1
2.365057648650 0.000000000000 0
4.740698495724 0.000000000000 1
4.440961845251 0.174771000607 0
7.943436834771 0.000000000000 1
7.753319430054 0.000000000000 1
5.692270248257 1.326103519539 1
7.014762031090 0.000000000000 0
1.148587223984 0.000000000000 1
4.417028423424 3.068996682170 0
4.864593322050 0.000000000000 1
5.054649087041 0.000000000000 1
8.806089876586 0.000000000000 1
6.572960108437 0.000000000000 0
1.384497389151 0.635262698408 1
0.908220682371 0.000000000000 0
0.639841154595 0.000000000000 0
7.391383056428 0.000000000000 0
8.592913718922 0.000000000000 1
3.639026204388 0.000000000000 1
8.157025458579 0.488855218977 0
3.277584127223 0.000000000000 1
8.761364533805 0.000000000000 1
0.758648012243 0.000000000000 0
3.338331993219 0.000000000000 0
9.745419809309 0.850801014210 1
7.509142286687 0.461240181402 0
6.845847741538 2.248265434303 1
3.504242598231 0.000000000000 0
3.380740344209 0.000000000000 1
0.036057367693 0.000000000000 0
3.788221928889 0.000000000000 0
6.853771883649 0.000000000000 1
6.554796611100 0.568552136854 0
5.345869077332 0.000000000000 0
4.298670744000 0.000000000000 1
3.835259644111 0.000000000000 0
3.678489569099 0.000000000000 0
6.134353631347 0.097476911605 1
4.925314631003 0.000000000000 0
2.648484778537 0.000000000000 1
6.172712307136 0.000000000000 0
8.552734459316 1.133233422650 1
5.786792405631 0.000000000000 1
0.710661917009 0.000000000000 0
7.775609489171 0.000000000000 1
6.402465001562 0.000000000000 1
2.754310935894 0.000000000000 0
1.175466397338 0.000000000000 0
8.328778871164 0.000000000000 1
0.157056917577 0.310911764950 0
9.517407427689 0.985746284210 1
0.291732337002 0.000000000000 0
2.259899065281 0.000000000000 1
4.870362349825 0.000000000000 1
7.926810528169 0.000000000000 1
2.872727335440 0.000000000000 0
7.524808883038 0.000000000000 1
9.642030121808 0.000000000000 1
3.837251594839 0.000000000000 0
1.294577125932 0.000000000000 0
6.686260617776 6.048882571549 1
5.922916244673 0.000000000000 1
5.687868576923 0.000000000000 1
2.320869317556 0.000000000000 0
8.284361703173 0.425327297149 0
8.048980804015 1.966791094517 1
6.430901975851 0.000000000000 1
5.754083897087 0.000000000000 1
7.756912443174 0.000000000000 1
2.982483871475 0.000000000000 0
8.619202650283 0.000000000000 1
2.191817007634 2.148105798814 0
4.279981577936 0.000000000000 1
1.717077895792 0.000000000000 0
1.985405180537 0.000000000000 0
3.867552657673 0.000000000000 0
1.227315615384 0.000000000000 1
2.917820174748 0.000000000000 0
1.849127509315 0.000000000000 0
0.879209179989 0.000000000000 0
1.435131108909 0.966661266884 0
7.044885759710 0.000000000000 1
1.195839529894 0.477751637560 0
7.557799605821 2.027437979353 0
2.551365764806 0.000000000000 0
1.641502575195 1.311779405505 1
1.498508856521 0.000000000000 0
0.072396044658 0.000000000000 0
1.452228360691 0.000000000000 0
2.559750785218 0.000000000000 0
0.779110961881 0.000000000000 0
4.967357671115 3.405385705354 0
7.260680085710 0.000000000000 1
6.737282589001 1.507945326046 0
1.569822859887 0.000000000000 0
0.250912850879 0.303081383574 0
2.350353601546 0.000000000000 1
2.103251707502 0.318508702353 0
3.973827205028 1.890271281775 1
8.887552954705 0.028348948334 1
7.531269177445 0.000000000000 1
0.317802257722 0.837074128051 0
5.420232319035 1.118091183429 0
2.497191423859 0.000000000000 0
7.405649601648 0.000000000000 1
8.764767070314 1.694881668043 0
2.245338136904 0.000000000000 1
6.803487408623 2.132569380836 0
5.545315169133 0.000000000000 0
2.016672515706 0.000000000000 0
3.662947247616 0.000000000000 0
4.867261451127 0.076324320137 1
2.247292412463 0.000000000000 1
3.458923474290 0.000000000000 0
3.171121341190 0.000000000000 0
0.698582354315 0.000000000000 0
7.719703688494 0.000000000000 1
4.081554544760 0.000000000000 0
8.029232548331 0.753314743938 0
4.917737408704 0.000000000000 1
6.346457795938 0.000000000000 1
2.018688430643 0.000000000000 1
3.030992391079 0.000000000000 0
2.746804628868 0.042148034921 0
2.721008345227 1.793026059442 0
6.160862973199 0.000000000000 1
0.445034705795 0.000000000000 0
7.967541026111 0.000000000000 0
4.010661686854 0.000000000000 0
3.483291346353 1.418870671728 1
6.043694801416 1.910110014281 0
1.666502166378 0.000000000000 0
0.974797459289 0.000000000000 0
6.325231490613 1.120606543645 0
8.878406682079 0.029497035186 1
5.768905441043 0.000000000000 1
0.349166530111 0.000000000000 0
1.746467629968 0.000000000000 0
9.146089494391 1.187122132391 1
1.488018811810 0.218719454866 0
6.814233163024 0.000000000000 0
8.572468364915 0.030846788148 1
5.899730189274 0.718973263151 0
3.448597835097 0.000000000000 1
0.298691780662 0.000000000000 0
1.055289971805 0.000000000000 1
3.327311753595 0.000000000000 0
3.567074442900 0.087711951843 0
9.238054451580 0.000000000000 0
2.390879344520 0.000000000000 0
5.595578548409 0.000000000000 0
0.361476163927 0.730945473949 0
3.056334609780 1.497149665558 1
7.623542871345 0.214443225316 1
2.171409185725 0.000000000000 0
2.048023915340 1.123277865389 1
0.071749628812 0.585776227218 0
0.743037721707 2.673714624885 0
0.452298349142 0.000000000000 0
8.799200461234 0.000000000000 1
3.029505952752 0.000000000000 1
2.767913093370 0.160900653911 0
2.253396680160 1.287219381545 1
3.800182976384 0.594991816217 1
6.311493694419 1.431921387024 1
0.820006166415 0.000000000000 1
1.265431082821 0.409475809613 0
0.271347946487 2.876713839005 0
1.819874884470 0.000000000000 1
6.313241260413 0.000000000000 1
6.191917705560 0.000000000000 1
5.936981422683 0.000000000000 0
1.975718340834 1.806157412272 0
6.459082987958 0.000000000000 1
0.234449673519 0.000000000000 0
8.753543277254 0.477824526558 1
2.547105727030 0.000000000000 1
2.302523273438 0.000000000000 1
6.564738590577 0.000000000000 0
4.111892286922 0.000000000000 0
3.880210471969 1.731906758957 1
1.945127139914 1.630401084171 0
0.427224664515 0.000000000000 0
4.605729031974 0.000000000000 1
2.974480377896 0.000000000000 0
2.931884206735 0.000000000000 0
6.948186664269 1.427563883100 1
1.249621648778 0.864268671469 0
5.512964124971 0.000000000000 1
3.888823821724 0.000000000000 0
4.961895294349 0.000000000000 0
5.493530527527 0.000000000000 1
1.264473135014 0.511137748927 0
6.094453430770 0.000000000000 0
5.195601899022 0.876405994036 0
10.541000085801 0.256068149422 1
8.161061540260 1.410188033023 1
7.385156476820 2.358766792162 1
4.038450912131 0.000000000000 1
3.274686529273 0.000000000000 1
3.557494329927 0.000000000000 1
1.406951195269 1.195708415124 0
6.703919855701 0.000000000000 1
2.178496179130 0.218957867150 1
8.443599269527 0.000000000000 1
4.344773198516 0.000000000000 0
0.957418293602 0.000000000000 0
3.268551029521 1.805037884932 1
3.197073404083 0.000000000000 0
7.061346520691 0.000000000000 1
10.563188966343 0.000000000000 1
2.063832615594 0.674025971117 0
3.387037374178 0.000000000000 0
3.108472681897 0.000000000000 0
0.637000888423 0.000000000000 0
5.664727963872 0.000000000000 0
4.410788880729 0.000000000000 0
1.846162577168 0.000000000000 1
2.464570009761 1.372289833392 1
1.279108827847 0.249062842775 1
8.966221655961 0.000000000000 1
1.803521148344 0.276767777887 1
0.365231899678 0.000000000000 0
6.204555628080 0.423622495861 0
0.917534624099 0.565706417293 1
2.761755348644 1.175806556812 0
4.592298659162 1.144021798354 1
2.485659628530 0.000000000000 1
0.463826382194 0.401668014565 0
4.836668910371 0.000000000000 1
0.765164157397 0.000000000000 0
4.198576714470 0.000000000000 0
6.916986568877 0.000000000000 1
7.396088642150 0.000000000000 1
1.256081773571 0.000000000000 0
3.843298306888 0.000000000000 1
8.958214387822 0.000000000000 1
9.187479786244 0.000000000000 1
3.768311894345 1.744559286105 0
2.219219109971 4.064496832575 0
3.530693118478 0.058167799324 0
2.567677873188 0.000000000000 0
7.259406228238 0.000000000000 1
0.215752971712 0.000000000000 0
3.342394708104 1.283394629884 1
3.206218326596 0.000000000000 0
2.851902358075 0.547723246131 0
0.953545800495 0.000000000000 0
1.150675651574 0.000000000000 0
4.759611485911 0.000000000000 0
9.393603631584 0.000000000000 1
7.735725910601 0.000000000000 1
4.832064904437 0.000000000000 1
4.617035762236 0.000000000000 1
0.457299979600 0.000000000000 0
9.005532386763 0.000000000000 1
6.139575917956 0.000000000000 0
0.958856410345 0.120841099221 0
2.887855340944 0.000000000000 1
3.290168169326 0.000000000000 1
6.505136826700 0.000000000000 0
5.025056386627 0.833304412293 1
8.492747476941 0.000000000000 1
1.863468023609 0.000000000000 0
0.694146669173 0.018977051493 0
6.011634113855 0.000000000000 1
5.225021904587 0.000000000000 1
1.586394336175 0.320464473307 1
2.434061764134 0.000000000000 0
1.263455462408 0.000000000000 0
3.076888851602 0.134094333348 1
10.127602677548 0.000000000000 1
4.579802886964 0.000000000000 0
8.044362992522 0.000000000000 0
5.531851369477 0.000000000000 1
9.727466146808 0.000000000000 0
7.768728138878 1.628192602598 1
3.288271460263 0.000000000000 0
7.060542645349 0.000000000000 1
7.206956200150 0.000000000000 0
2.699566161897 0.000000000000 0
9.819595835295 0.000000000000 0
1.846988978695 0.000000000000 0
6.644190995529 0.000000000000 0
1.915012318919 0.828762933980 0
0.890820078445 0.000000000000 0
1.092685468736 0.489269926492 0
4.818713891621 0.000000000000 1
5.691627870626 0.000000000000 1
0.673736302110 0.000000000000 1
6.048861325761 1.169206814160 1
7.892769177855 0.000000000000 0
0.306635594502 0.000000000000 0
0.813515270099 1.287660379860 0
4.490328631661 0.000000000000 1
2.037122704738 0.163598322205 1
2.770764323734 0.000000000000 0
5.093315289488 0.064213253807 1
2.450875816251 0.000000000000 1
2.258658866084 0.006177901814 0
8.842749911595 0.000000000000 1
3.158167637271 0.000000000000 1
4.119714142384 0.000000000000 0
4.142649385242 0.000000000000 1
9.232788909250 0.000000000000 1
4.954360016151 0.978577502604 0
5.531013434767 0.000000000000 0
9.193312741890 0.296439658495 1
8.863866540102 0.000000000000 1
5.292646711537 0.000000000000 0
1.834627492501 0.000000000000 0
1.828427842710 0.000000000000 1
11.164747748525 0.000000000000 1
3.127119474816 0.000000000000 1
0.870087970103 0.000000000000 0
4.882253929443 0.000000000000 0
2.733303209528 0.496969642528 1
4.125068884716 0.000000000000 0
2.539707046723 0.000000000000 1
9.121778653968 0.000000000000 1
6.095211537235 0.000000000000 0
7.748508912163 0.000000000000 1
2.816856075600 0.000000000000 0
9.631880139611 1.225763543334 1
