3.492680506111 0.000000000000 1
1.179196132714 0.183965015316 0
7.164556876037 0.000000000000 1
5.694443956479 0.554463323090 1
0.326135463957 0.636639430951 0
1.803663211479 0.000000000000 1
5.219848434671 0.000000000000 1
2.419605336471 0.000000000000 1
3.237104576241 0.457026059277 1
4.556610608109 2.468132961913 1
2.297072334791 0.000000000000 1
5.899348531586 0.000000000000 1
2.439633823218 0.000000000000 0
9.764619078268 0.000000000000 1
5.533571084719 0.000000000000 0
0.047108959444 0.000000000000 0
3.702490625582 0.000000000000 0
3.866541816292 0.000000000000 0
1.421386290103 0.000000000000 0
0.725554642074 0.746670650235 0
6.656422673870 1.455718857911 1
0.531139397797 0.047476632612 0
1.436901365302 0.000000000000 0
6.282092946486 0.000000000000 0
6.590174228332 0.000000000000 1
1.614011251793 0.000000000000 0
6.679472531780 1.886560333465 1
7.761888792392 0.000000000000 1
1.944047089138 0.098718733859 1
2.206370492120 1.925087762790 0
0.494457744014 0.000000000000 0
1.830273123318 0.000000000000 0
6.999475888118 0.000000000000 1
0.772686397061 0.000000000000 0
9.878375038956 0.000000000000 1
2.017832667927 0.000000000000 0
3.311201207518 0.000000000000 0
0.608752678120 0.000000000000 0
5.384712241581 0.000000000000 1
7.376655720618 0.281545038603 1
5.532910922622 2.204483879056 1
5.816653711809 0.181132016615 0
1.007714770696 0.068853486207 1
4.811478838300 0.000000000000 1
3.801159340789 0.000000000000 0
0.367940964923 0.000000000000 0
7.113842216998 0.000000000000 1
8.081574100508 0.000000000000 1
3.203009410631 0.398894266007 0
8.089128223529 0.000000000000 1
3.867262919195 0.000000000000 0
0.144571398535 0.000000000000 0
1.801809995754 1.244175644249 0
1.478468623880 0.000000000000 0
6.906387538468 0.000000000000 0
1.665041538810 0.000000000000 0
1.925333786083 0.000000000000 1
8.119395026934 0.000000000000 1
2.025116982877 1.569152392851 0
2.462565707809 0.000000000000 0
6.381346067534 2.309056395959 0
7.177023427486 2.726104369955 1
1.456369908771 0.000000000000 0
0.057719601377 0.000000000000 0
0.039293128873 0.306624286098 0
7.562575716174 0.000000000000 1
1.086697314119 0.044135843774 0
3.431751992279 0.000000000000 1
1.539214746481 0.000000000000 0
5.435377630374 0.000000000000 0
1.100721558478 0.982804458335 0
2.092499137338 0.000000000000 0
4.833560818164 0.000000000000 1
9.961077825750 0.000000000000 1
2.668770629058 0.000000000000 1
6.390113047817 0.000000000000 1
6.995842972762 0.000000000000 1
0.631490182440 0.000000000000 0
2.758785813112 0.000000000000 1
6.998689768783 0.000000000000 1
1.135589392298 0.000000000000 0
1.955257596735 0.000000000000 0
1.491005373865 0.000000000000 0
2.479704493781 0.000000000000 1
2.143057223232 0.000000000000 1
3.133805374429 0.000000000000 1
6.014024635500 0.000000000000 0
1.777637831092 0.000000000000 1
3.118277252656 0.288361082689 0
3.173105178603 0.000000000000 0
4.838218342458 0.000000000000 0
1.030469728035 0.021345368616 0
9.504640882650 1.655780072172 1
8.318741761023 0.000000000000 1
2.047214269955 0.105824627745 1
0.405129406148 0.000000000000 0
1.205282539701 0.333811858516 0
5.532679513850 0.000000000000 0
0.090495811294 0.000000000000 0
2.478919252778 0.000000000000 0
6.651482865717 0.000000000000 0
9.203981613711 0.000000000000 1
6.451720705929 0.000000000000 0
1.863030210299 0.339744216144 0
0.186542761534 0.906941897015 0
1.149199498034 1.091337552702 1
5.900413052920 0.000000000000 1
1.259341319733 0.000000000000 1
6.603835532884 0.000000000000 1
1.202638357657 0.000000000000 0
1.185910188657 0.000000000000 0
2.888151979156 2.103199041759 1
1.749497170531 0.000000000000 0
4.860186833101 0.000000000000 1
8.346104681519 0.000000000000 1
2.297080505013 0.000000000000 0
1.089935466167 0.000000000000 0
5.961691653266 1.886719243558 1
9.164534398071 0.000000000000 1
0.301718287829 0.000000000000 0
3.222401401488 0.261778347654 1
5.248476247040 0.000000000000 1
2.621400554176 0.000000000000 1
2.275808284810 0.000000000000 0
1.691231021109 0.000000000000 1
8.541093788539 0.000000000000 1
7.855143988886 6.845235696863 1
6.576679341804 1.033654193722 1
4.945446417919 0.000000000000 0
7.568126755418 1.900935255381 1
1.052183299032 0.795762894604 0
5.871263725342 0.000000000000 1
7.944635388557 0.000000000000 1
6.513899202987 0.000000000000 0
0.148500653133 0.000000000000 0
1.656333575302 0.000000000000 0
1.672529333964 0.000000000000 1
2.183879884459 0.000000000000 1
4.401245751960 0.573486661534 1
1.928907682416 0.953775958986 0
2.210915958107 0.624276163355 0
3.168573041746 0.000000000000 0
4.141110249514 1.062900015618 0
6.904868640903 0.000000000000 0
8.045881617916 0.000000000000 1
4.734986213700 0.000000000000 1
6.732409109088 0.000000000000 1
2.987617367594 0.000000000000 0
1.316673839902 0.000000000000 0
5.694124253694 0.309170325434 1
1.554715099460 1.008447330019 1
10.050923866719 2.730631027628 1
5.972088836826 0.000000000000 1
1.208683462007 0.000000000000 0
4.672127559247 0.958376849592 0
6.121904983010 0.000000000000 1
4.553445656542 0.000000000000 0
5.669090385863 0.000000000000 1
7.190208416858 0.000000000000 0
3.079113181368 0.000000000000 0
1.734661601440 0.538373424035 0
7.085125584764 0.000000000000 1
5.283067016044 0.000000000000 1
5.583498169803 0.000000000000 0
6.831132584648 0.000000000000 1
0.814986129328 0.000000000000 0
2.128969056074 0.000000000000 1
2.632609287536 0.000000000000 1
7.714100310716 0.000000000000 1
1.542047948352 0.638028571170 1
3.195237554881 0.000000000000 0
2.427565360548 0.000000000000 0
5.452451961443 0.000000000000 1
5.104774863765 0.000000000000 1
3.580859529284 0.000000000000 0
4.134714242756 0.000000000000 1
3.877470855279 0.000000000000 0
9.002542485754 0.000000000000 1
5.678836355168 0.000000000000 1
1.445560885598 0.000000000000 0
6.558622799684 0.527218733851 0
0.576675333173 0.000000000000 0
5.550832644344 0.000000000000 1
3.232933232901 2.361548560458 0
2.495941064194 1.856875916245 1
3.888646533377 0.000000000000 1
3.851010646595 0.000000000000 1
1.272314147214 1.734896674177 0
0.548116404434 0.000000000000 0
5.883214505421 0.000000000000 0
8.516643596450 0.000000000000 1
1.206514360410 0.000000000000 1
1.604422373572 0.000000000000 1
3.619339812900 0.000000000000 0
2.479970982355 0.000000000000 1
4.147418308142 0.000000000000 1
0.839234260185 0.000000000000 1
1.933508820493 0.000000000000 1
1.236050849461 0.104549601966 0
1.839804227723 0.000000000000 1
