4.277986376078 0.000000000000 0
5.092149706902 0.329502387196 0
7.399793817033 0.000000000000 1
5.490911369735 2.818997659998 1
3.183197154753 0.000000000000 0
4.218437265708 1.113255394407 1
0.749742866876 0.385220451963 0
7.634523817577 4.090564062912 1
3.037634247932 0.750921279756 0
5.134237121479 0.000000000000 0
7.512282166840 0.000000000000 1
4.556610608109 0.000000000000 1
2.305229489765 0.000000000000 0
9.740116911395 0.000000000000 1
1.475495217223 0.000000000000 0
1.213436422277 0.000000000000 0
5.343533253676 0.000000000000 0
3.458481927949 0.000000000000 0
0.512043628017 0.000000000000 0
9.123790547784 3.929604950932 1
3.944567669149 0.000000000000 0
2.416588635182 0.000000000000 0
1.932915014621 0.000000000000 0
3.733353251173 0.000000000000 0
0.453471651296 0.000000000000 0
6.164463563659 2.911437715822 1
0.498612778597 0.094953265224 0
3.238989582200 1.317273918507 0
5.886848429056 0.131616013313 0
8.070039857804 0.000000000000 0
4.265938637752 0.000000000000 0
7.008699661617 0.240426777485 0
0.724585783769 0.000000000000 0
7.761888792392 0.000000000000 1
4.767579302547 0.197437467718 1
7.791550728432 0.394695273515 0
3.496364436217 0.000000000000 0
0.309036090009 0.000000000000 0
8.831228698055 0.000000000000 1
2.563584744108 0.633696329852 0
7.029038912005 0.000000000000 1
3.373852524565 0.000000000000 0
8.781302001909 0.000000000000 0
2.215109080416 0.000000000000 0
7.087559420650 0.000000000000 0
1.373429106058 0.827800301880 0
8.016619121975 1.666890164656 0
3.332864390671 0.563090077205 0
4.050265647672 0.000000000000 1
5.532910922622 0.000000000000 1
5.905089416859 0.362264033231 0
0.344267431034 0.000000000000 0
5.416152757644 3.894123058832 1
4.811478838300 0.000000000000 1
0.663799939801 0.000000000000 0
3.894290559839 1.112543819972 0
2.779977055676 2.000491421988 0
8.899885904833 0.000000000000 1
3.407659256964 0.000000000000 0
2.102142453715 0.000000000000 0
2.699760606651 0.000000000000 0
1.984309801646 0.000000000000 0
2.417039324497 0.000000000000 0
7.734273555218 0.000000000000 1
2.777134311808 0.945110895848 0
5.937638978058 0.000000000000 1
5.707348762507 0.490169377867 1
4.316492211543 0.000000000000 0
6.220675523611 0.000000000000 0
4.410565804178 0.833153995130 0
3.232625167157 0.000000000000 0
4.802884185511 0.000000000000 1
1.265698114298 0.000000000000 0
1.513346904657 0.000000000000 0
5.210945680507 1.705214985870 0
0.481586687162 0.000000000000 0
2.905640556788 0.000000000000 0
0.560244567321 0.000000000000 0
1.533121430491 0.364092477193 0
0.024558205545 0.000000000000 0
3.774580991265 0.000000000000 0
0.220679218872 0.000000000000 0
0.679185821325 0.000000000000 0
4.005929346492 0.000000000000 1
4.618999895777 0.000000000000 0
2.235020707475 0.000000000000 0
2.747813899817 1.654812751149 0
5.599999707903 0.000000000000 0
4.917393897121 1.161789634454 1
1.095784062925 0.000000000000 0
3.839220472658 0.000000000000 0
9.961077825750 0.000000000000 1
0.201033380295 0.000000000000 0
5.689858308241 0.000000000000 0
11.646464881506 11.360370509568 0
6.342898714644 2.067308387443 1
6.862184994517 0.000000000000 1
7.484029172470 0.000000000000 1
7.561075729434 0.000000000000 0
4.246560237966 1.591525789208 0
2.446583547612 0.000000000000 0
4.150511447480 1.568857485163 0
9.989385821611 0.000000000000 1
4.071187001867 0.000000000000 0
3.798625582607 0.000000000000 1
2.957358033351 1.642139149667 0
0.449222973915 0.000000000000 0
1.342083235495 0.000000000000 0
5.981855866351 1.498155184569 0
4.850028105652 1.227963107607 0
5.964861829444 1.907551917972 0
3.121380816774 0.000000000000 0
6.185665576252 3.238073246806 1
1.980358151091 0.000000000000 0
7.012862893040 2.125800031236 1
4.315542900564 0.000000000000 0
5.145034142574 0.000000000000 0
7.198913166456 0.000000000000 1
5.345489490057 1.746295317445 0
5.029854257407 4.827389053530 0
6.011294785797 2.016894660039 1
9.058803334677 0.000000000000 1
10.050923866719 0.000000000000 1
1.159181299504 0.000000000000 0
6.657041913653 0.000000000000 1
4.201589196102 0.302170865502 1
2.920079724529 0.000000000000 0
1.312057877044 0.000000000000 0
7.811015821097 0.000000000000 0
7.147267244259 0.000000000000 1
5.669090385863 0.000000000000 1
6.802303071606 0.000000000000 0
4.722523995909 0.000000000000 0
2.691867120175 0.769778295342 0
1.084163500900 0.000000000000 0
2.724318203278 0.000000000000 0
2.647516334997 0.000000000000 0
7.997619155216 4.973499151817 1
2.337130853156 0.000000000000 0
6.831132584648 0.000000000000 1
0.509366330830 0.000000000000 0
2.347294982446 0.000000000000 0
0.435583211659 0.000000000000 0
8.612684226698 2.525309141578 0
0.786839543910 0.000000000000 0
3.190142855848 0.000000000000 0
5.974860875380 3.404219881459 1
1.997023471801 0.000000000000 0
5.904384496341 0.000000000000 0
5.333799107469 2.401908810096 0
2.869789077865 0.000000000000 1
7.890813377064 0.000000000000 0
7.947022702875 1.719645237100 0
2.880640751113 0.000000000000 0
5.809837608864 0.000000000000 0
9.002542485754 0.000000000000 1
0.901190986193 0.000000000000 0
9.342072369449 0.000000000000 1
2.636093669253 0.361390221399 0
4.099139249802 0.000000000000 0
0.416581060761 0.000000000000 0
0.804101251205 0.000000000000 0
6.862537307086 0.000000000000 1
2.020583270563 0.814932194664 0
7.025681367963 3.713751832490 1
6.572337267542 0.000000000000 1
1.882565807269 0.000000000000 0
0.119520295799 0.000000000000 0
1.081419090570 0.000000000000 0
0.795196342009 0.000000000000 0
3.756172862748 0.000000000000 0
3.105913364585 2.575587105831 0
1.362494092685 0.000000000000 0
8.915992510726 0.000000000000 0
3.457392827647 3.372788037310 0
7.969300463086 1.129302108733 1
2.262087383062 0.000000000000 0
1.363616334590 0.000000000000 0
5.290313764590 2.266474621120 1
0.011994931244 0.000000000000 0
0.971406697593 0.000000000000 0
8.513241152388 2.708581550607 1
5.506545816622 0.000000000000 1
10.256455276205 5.158584782863 1
4.836960777908 0.324239976589 0
8.278462723947 0.000000000000 1
1.597226752873 0.000000000000 0
1.203317143477 0.594818495734 0
2.067053762132 0.000000000000 0
5.687017389544 2.646782743296 1
4.465786832718 0.000000000000 0
2.014954126833 0.000000000000 0
0.991057990357 0.000000000000 0
3.350219794541 0.000000000000 0
5.560466718888 1.710237859982 0
6.717824557090 0.000000000000 1
4.923209887778 0.000000000000 1
1.724569297453 1.222719868128 0
5.065196168481 0.000000000000 0
0.190141157247 0.000000000000 0
5.407823161971 0.000000000000 0
3.603978457822 0.000000000000 0
6.690551652181 0.000000000000 1
0.108780188259 0.000000000000 0
3.645745424302 0.000000000000 0
3.362536925999 2.622622583119 0
1.140172110871 0.792489727308 0
7.987291770738 0.867780111872 1
3.015302947080 2.384709894548 0
2.398124299185 0.000000000000 0
0.604395106338 0.000000000000 0
7.930106457253 0.000000000000 1
4.266194583798 0.000000000000 1
5.301164441121 0.445142189136 0
2.748835058484 0.074542918686 0
6.465779672392 0.000000000000 0
2.186750956846 0.000000000000 0
9.004690617065 0.323594070664 1
6.013726104177 0.000000000000 1
0.121134336167 0.000000000000 0
1.713211004218 0.427641376416 0
0.581116706278 0.000000000000 0
5.272612344181 0.000000000000 0
4.690933224630 1.542578869158 0
8.207014068355 8.153050305243 1
5.489638212618 0.000000000000 0
0.072754164570 0.000000000000 0
5.596903000554 0.863126396041 0
2.420277843789 0.000000000000 0
0.769222342270 0.000000000000 0
2.639159061446 0.661010051142 0
4.331076181545 0.000000000000 0
1.206083671655 0.000000000000 0
6.775270931024 0.000000000000 1
0.213787711239 0.000000000000 0
1.290651651451 0.000000000000 0
4.780514036238 0.000000000000 0
4.417856547540 0.076220656322 1
1.316681144592 0.000000000000 0
3.375526752319 0.000000000000 0
6.255667843315 5.143247975189 1
5.777107230806 1.427967163694 0
0.266993678658 0.022550925155 0
4.960954964975 0.000000000000 0
7.242113801519 4.487063147458 1
7.541660461955 0.000000000000 0
1.535573603375 0.000000000000 0
7.563673214966 0.000000000000 1
2.516342064492 1.392375464405 0
6.668529934962 0.000000000000 1
1.305568692334 0.000000000000 0
9.560397568826 2.317986271220 1
7.117167566358 2.074665843539 0
3.312069309509 0.282464177538 0
7.794615169452 0.000000000000 1
5.991188218678 1.599157856432 1
5.834843819483 0.000000000000 1
1.382609197791 0.000000000000 0
8.228472517353 0.000000000000 1
7.110398290944 0.949293641797 1
4.098086308916 0.000000000000 0
3.363292723404 2.793883657769 0
1.810450721461 0.000000000000 0
6.980193888478 0.000000000000 1
0.546262673396 0.000000000000 0
3.183122770515 0.000000000000 0
4.524537386079 0.000000000000 0
3.690829038149 0.000000000000 0
5.033364084602 0.000000000000 0
0.189377689677 0.000000000000 0
6.087212908270 0.000000000000 0
3.150053399557 0.000000000000 0
1.197944420373 0.000000000000 0
0.298560749395 0.000000000000 0
6.198001815036 0.000000000000 1
2.725274027942 0.000000000000 0
3.522971578671 0.900644106899 0
0.030723279406 0.000000000000 0
6.060836282527 0.000000000000 0
2.565950764962 0.289158712832 0
1.802377316347 0.000000000000 0
4.718181351076 0.000000000000 1
1.372453732938 0.295307684636 0
4.231836099062 0.000000000000 0
2.197787107875 0.000000000000 0
0.001731624878 0.000000000000 0
3.874442132532 0.000000000000 0
10.132512011112 2.875584603926 1
3.971062962190 0.000000000000 0
2.380214619912 0.000000000000 0
4.197222145834 0.000000000000 0
2.287513446375 0.000000000000 0
2.029978030871 0.179779305155 0
4.452083630719 1.710838330028 0
7.002307268986 0.000000000000 1
1.269390127709 0.000000000000 0
7.508019767582 0.949366236436 0
6.906086374859 0.543905680741 1
1.736761967120 0.000000000000 0
2.313058227551 0.000000000000 0
7.602620753013 0.015632516299 1
8.566528015789 7.727720252272 1
5.760925232179 0.742850397265 1
6.926261621099 0.070115103319 0
3.936729433630 0.238079997515 0
0.517646688671 0.053581581690 0
2.053736681752 0.410900906909 0
1.596756213587 0.000000000000 0
5.227255779593 0.000000000000 0
5.172473602056 0.000000000000 1
1.633732360998 0.000000000000 0
0.189330137520 0.000000000000 0
4.986070875945 0.410548574986 0
8.542085944332 4.800875370875 1
8.034851103690 1.578402987798 1
4.408135896674 0.000000000000 0
3.167335500694 0.000000000000 0
4.584347925000 0.000000000000 0
7.910664092926 0.000000000000 1
4.331965696510 0.000000000000 0
0.894720361169 0.000000000000 0
4.136276550372 2.006358264441 0
3.842544173686 0.000000000000 0
6.991735154434 1.936212932105 1
5.017035823552 0.000000000000 1
9.428554554322 0.000000000000 1
6.347241771138 2.353202231612 1
2.388778640251 0.000000000000 0
4.420498292014 0.690118376245 0
0.590735897419 0.000000000000 0
2.182442209429 0.000000000000 0
0.628168238953 0.000000000000 0
0.335655551463 0.000000000000 0
4.043945198303 0.000000000000 0
5.437743738250 0.000000000000 0
0.651630366689 0.000000000000 0
4.243256458863 0.345291043126 0
5.047863664438 3.147777083648 1
0.355030015044 0.000000000000 0
1.906944234017 0.000000000000 0
6.980818615445 0.000000000000 1
0.430072159685 0.000000000000 0
0.428074908585 0.284721934206 0
4.163121850019 4.050206581254 1
2.799247172525 0.000000000000 0
6.076901123495 0.000000000000 0
1.020589815454 0.036257299884 0
0.730443822381 0.000000000000 0
6.104910149597 0.000000000000 0
1.364670269929 0.000000000000 0
3.499085704567 1.335854812902 0
3.583657628178 0.000000000000 0
2.285001505063 0.000000000000 0
1.089242176499 0.000000000000 0
8.522897257549 2.764494842529 1
4.186952961943 0.000000000000 1
5.412618390739 0.278308489879 0
2.223923598849 0.000000000000 0
1.402574205490 0.000000000000 0
6.091694315071 0.000000000000 0
2.793321600246 0.000000000000 0
4.328236372594 0.289130942875 0
8.583381420119 2.094984296698 1
7.913478716268 0.000000000000 1
3.350997480787 0.000000000000 0
5.859307349309 0.000000000000 0
4.191572208931 0.000000000000 0
7.905826328944 3.511102428807 1
4.251005069361 1.793030758637 0
1.545645210569 0.000000000000 0
2.689593733017 0.000000000000 0
2.205101222066 0.000000000000 0
8.180589746929 1.910086041431 1
2.712231908344 2.339614650483 0
5.631338616631 0.000000000000 1
5.353577079499 1.371051275993 0
0.856523349868 0.810565271993 0
2.994844479654 0.708924748029 0
0.764040627993 0.000000000000 0
7.416492202989 0.000000000000 0
2.310944930325 0.000000000000 0
0.386177509090 0.000000000000 0
1.455591851151 0.000000000000 0
2.417667528520 0.000000000000 0
3.668933237289 0.796015439533 0
6.757979100676 1.826806608844 1
9.236121108910 3.880587155260 0
1.627059056111 0.000000000000 0
0.484198427254 0.000000000000 0
6.820996219382 0.000000000000 1
5.909018915188 2.366937111926 0
0.491831658577 0.000000000000 0
5.983384563303 4.750339506236 0
8.223365538120 0.291088116089 1
7.930798238177 0.000000000000 0
5.442590713103 2.092591443111 1
0.988179549394 0.000000000000 0
3.151125765606 0.000000000000 0
7.396088835556 0.658219925368 1
3.633298258693 0.000000000000 0
3.546601091632 1.665155593920 0
2.647389015377 0.000000000000 0
5.339159928066 0.000000000000 0
8.572260682132 1.532250156563 1
1.056830207525 0.000000000000 0
5.980359988460 0.000000000000 1
1.904573557707 0.000000000000 0
2.197383513522 0.000000000000 0
1.344534054712 0.000000000000 0
3.402012094269 0.000000000000 0
3.570272658514 0.537284837158 0
0.410919958530 0.000000000000 0
1.295619373984 0.000000000000 0
6.453572319178 0.000000000000 1
2.154463791076 0.000000000000 0
6.800443478459 0.000000000000 0
4.879761900007 2.355437844328 0
1.924268985906 0.271086904256 0
5.215188654382 0.771324493385 1
2.889621362448 0.000000000000 0
1.750680596823 0.000000000000 0
4.909831000111 0.000000000000 0
2.173510260586 0.000000000000 0
4.447193585297 0.000000000000 0
2.703970405944 0.000000000000 1
8.257286792386 0.000000000000 1
0.611747603103 0.198456021047 0
4.911541916695 3.337790391903 1
5.049561136332 0.000000000000 0
4.612909599923 1.549759655259 1
8.966198673409 0.000000000000 1
5.947524496792 3.614790533101 1
5.037417737369 0.000000000000 0
1.294586639761 0.317660473047 0
5.432652916521 5.235111695364 0
7.817852938617 0.000000000000 0
4.892674524736 1.817424240939 1
7.306359052770 0.000000000000 0
6.343949812530 0.000000000000 1
5.799441360364 0.000000000000 1
4.431653571621 0.000000000000 0
1.612368693752 1.347147888602 0
2.765123702887 0.000000000000 0
0.964798824346 0.233612431277 0
4.781953915536 0.000000000000 0
2.417791824665 0.000000000000 0
0.596385506437 0.000000000000 0
0.751507711798 0.538543203580 0
6.078095335333 5.520422670364 1
1.831472106587 0.570378079929 0
6.064965182959 0.000000000000 0
6.408882871336 0.000000000000 0
8.702011072328 0.000000000000 1
4.238246221596 0.000000000000 0
0.992315646544 0.000000000000 0
6.216548975601 0.000000000000 1
6.597894176314 0.000000000000 0
1.751886438896 0.000000000000 0
2.359961169267 0.000000000000 0
5.251883129261 0.000000000000 1
4.271967904095 0.000000000000 0
10.309942543462 0.000000000000 1
2.522025971003 0.000000000000 0
0.287495829847 0.000000000000 0
9.118921890652 0.000000000000 1
4.069889800146 0.000000000000 0
0.910941002208 0.000000000000 0
7.866612198101 0.000000000000 1
4.767478252453 0.000000000000 0
2.163137137156 1.527448710010 0
8.402113869252 0.582147363031 1
3.760103402181 0.000000000000 0
7.194047445871 0.000000000000 1
3.793041483224 0.000000000000 0
3.026254645380 0.179633298669 0
4.454034649811 0.179609481243 0
3.787566766386 0.000000000000 0
9.659306809906 0.000000000000 1
2.102443532204 0.000000000000 0
6.034738786867 2.423116723307 0
1.772563483848 0.000000000000 0
4.390311654139 0.000000000000 0
0.882797898325 0.000000000000 0
3.064384026951 0.000000000000 0
5.445571847224 0.597847286300 0
5.204453521871 0.000000000000 1
5.507182581469 0.000000000000 1
1.161672852136 0.389771266089 0
2.584319933195 0.000000000000 0
5.517997147077 0.000000000000 1
7.712206458921 0.000000000000 1
2.902688188547 0.000000000000 0
7.367832332681 0.000000000000 0
3.729278124770 0.000000000000 0
6.896257254046 3.497833024355 0
7.202065945101 0.000000000000 1
9.181139847694 0.896573547526 1
8.510135417217 1.546040195725 1
9.035578804518 4.670164105486 0
0.931229825606 0.000000000000 0
0.559855880009 0.000000000000 0
3.029576837336 0.645721716572 0
3.447714315809 1.047005984551 1
3.211371938431 1.116154622437 0
1.753443101260 0.000000000000 0
1.685389685725 0.000000000000 0
0.534966881895 0.000000000000 0
6.209228362548 0.000000000000 1
3.444381771665 1.218991193167 0
2.166361117143 0.776429114235 0
5.732172521975 0.000000000000 1
4.294299765034 3.231794748550 0
8.038082422599 0.000000000000 1
0.111167996533 0.000000000000 0
5.516094148188 0.000000000000 0
4.350567306555 0.000000000000 0
5.201391644396 0.000000000000 0
2.287237810120 1.455151160306 0
8.898673004025 6.232289648742 1
1.867129396387 0.000000000000 0
7.032856243039 0.000000000000 0
1.678513238861 1.226450097308 0
4.475637737099 0.000000000000 0
1.191301316846 0.410874798251 0
6.375618015295 6.097328777335 1
1.966555191874 0.000000000000 0
6.591541931386 5.007825896008 1
6.020400136767 5.493050185279 1
8.610333460084 0.528641750146 1
3.677137024605 0.000000000000 0
5.798159726135 0.428328223971 1
8.290541436472 0.000000000000 1
2.047183019388 0.000000000000 0
8.291380336199 0.965767024784 1
1.805378430535 0.000000000000 0
6.209680648974 1.838902238798 0
0.238381021362 0.000000000000 0
5.166506774008 0.000000000000 0
2.817798528112 0.000000000000 1
6.032225648401 0.000000000000 1
5.867603891644 0.000000000000 1
1.930259838072 0.000000000000 0
1.586385924058 0.000000000000 0
6.090129054904 0.000000000000 1
4.142875562198 0.000000000000 1
7.153592291697 0.000000000000 0
6.732743175898 0.000000000000 0
2.996791973485 0.000000000000 1
6.975653282003 0.000000000000 1
0.329455709085 0.000000000000 0
6.569614775019 0.000000000000 1
6.065714557199 0.709560845479 0
5.108672668889 0.000000000000 0
3.120528363731 2.131121218029 0
4.757783240121 0.000000000000 0
2.965561488600 0.000000000000 0
5.124351882490 0.211463776439 0
2.234265793053 0.686002004686 0
3.634229070453 0.000000000000 0
2.154322996942 0.000000000000 0
10.174870447334 0.000000000000 1
2.332937664646 0.000000000000 0
6.521698635540 0.000000000000 0
7.528372562529 0.000000000000 1
7.479911082738 0.000000000000 1
3.050110383619 0.000000000000 0
5.512258785448 1.657327260963 0
1.967464432822 0.000000000000 0
5.580901087217 1.012526142272 0
8.871089444806 6.140414940581 1
3.475148716000 0.185312662217 0
1.758170812781 0.000000000000 0
0.361759695872 0.000000000000 0
3.778983799059 0.000000000000 0
7.335023962387 3.054309994582 1
2.693743422049 0.000000000000 0
3.178600610772 2.600758936128 0
2.135344530893 1.576420867737 0
1.737007018028 0.000000000000 0
0.774281448956 0.000000000000 0
9.233323343480 0.000000000000 1
9.572268474187 6.357941653781 1
4.940252597362 0.000000000000 0
1.428226829958 0.000000000000 0
7.603305693244 0.000000000000 0
5.758470261046 0.000000000000 1
6.058015274652 3.412472380688 1
2.751718207312 0.000000000000 0
8.693951153801 0.000000000000 1
6.445127095969 0.000000000000 0
0.045711390848 0.000000000000 0
6.736613323997 0.000000000000 1
2.790861177504 0.000000000000 0
7.902101274680 1.741053913187 1
5.700808839754 0.000000000000 1
5.058357403968 0.000000000000 0
7.398065814053 0.000000000000 0
7.589542925023 0.180703083031 1
4.560022264215 1.466498631518 0
4.336481638283 0.000000000000 0
0.053223468883 0.000000000000 0
3.288286397856 3.254306205413 0
6.495428297524 0.610086841648 1
4.893559476497 3.343778884827 0
0.499300647096 0.000000000000 0
1.162345122891 0.375818507464 0
1.891003790345 0.000000000000 0
0.263729990066 0.000000000000 0
4.367365186781 2.594769443785 1
4.671855860955 0.939782053365 0
7.278601986342 2.988524945639 0
1.466757953872 0.000000000000 0
3.705941589466 0.811658454581 0
7.903966991235 0.000000000000 1
5.778626311318 0.143336524919 1
6.573731918021 0.000000000000 1
7.995171314666 0.000000000000 0
2.769405945440 0.000000000000 0
4.046444831440 0.000000000000 1
0.051625114914 0.000000000000 0
3.714559246471 0.000000000000 0
0.113012284298 0.000000000000 0
1.219099698878 0.000000000000 0
5.863494343402 0.000000000000 1
1.044261421694 0.028706838468 0
1.955023260110 0.000000000000 0
8.170440556936 0.000000000000 0
5.491940188349 0.000000000000 1
0.523373682308 0.000000000000 0
5.375231865177 0.373537906324 0
2.417320827105 0.000000000000 0
7.587545932158 4.483449959159 1
7.369764298709 0.000000000000 0
4.705731614902 0.000000000000 0
7.643708301534 0.000000000000 1
9.048388519241 0.000000000000 1
3.919341743566 0.000000000000 0
6.590175754364 5.159933663658 0
1.069241472420 0.000000000000 0
7.203622563597 0.000000000000 1
2.894392975452 0.000000000000 0
7.719530142265 0.000000000000 1
3.525020690349 0.000000000000 0
3.982500243475 0.000000000000 0
2.078402573521 0.000000000000 0
0.832044017641 0.000000000000 0
9.199663480800 3.315609161020 1
2.269678290321 0.000000000000 0
2.294676169081 0.000000000000 0
3.567875769081 0.000000000000 0
5.702738173632 0.000000000000 0
2.027188088549 0.183871005163 0
9.430324178464 0.000000000000 0
6.068980954603 0.000000000000 1
0.221475813068 0.000000000000 0
2.710123637806 0.000000000000 0
2.920275073600 0.000000000000 0
3.013618347623 0.000000000000 0
1.860457374738 0.000000000000 0
4.555999505707 4.029778234367 0
3.319402780588 0.000000000000 0
2.729556898646 0.000000000000 0
0.362652301508 0.000000000000 0
4.261908451989 0.000000000000 0
8.548603864403 6.001605488813 1
5.299430752764 0.000000000000 0
7.895890945644 0.000000000000 0
5.320923157274 2.207014903371 1
5.722445745583 0.000000000000 0
6.925205404971 0.380029348002 0
1.681816035264 0.000000000000 0
2.689289625544 0.000000000000 0
6.207159856849 2.436778903206 0
1.520643790313 0.000000000000 0
0.846868582098 0.000000000000 0
0.830230218099 0.000000000000 0
3.024176880455 0.000000000000 0
2.251644950805 0.000000000000 0
2.765473481376 0.000000000000 0
2.996094737658 0.000000000000 0
0.442418084093 0.000000000000 0
2.437954054257 0.000000000000 0
4.454177962493 4.310417058870 0
5.204894040717 0.000000000000 0
9.892355429548 0.000000000000 1
2.818027863822 0.245126321432 0
3.261519981700 2.430884970523 0
6.944594617399 2.139964795494 1
1.130495461210 0.000000000000 0
6.189028270026 0.000000000000 0
1.154348261461 0.000000000000 0
5.323023601835 0.000000000000 0
1.132929928431 0.135580389317 0
1.239456708977 0.000000000000 0
1.034590636699 0.000000000000 0
0.864053780999 0.462863765498 0
2.550679460542 0.000000000000 0
2.086391389677 0.000000000000 0
1.652093806922 0.416148741226 0
6.151646703801 0.000000000000 0
6.849530213557 0.000000000000 0
3.139057074045 0.000000000000 0
0.833364395444 0.000000000000 0
0.169358729506 0.000000000000 0
7.300729972358 0.000000000000 1
5.203926482166 4.441615407040 1
1.443792400717 0.693941260637 0
5.924425606623 0.000000000000 0
6.197686542957 0.000000000000 0
4.020300755299 0.000000000000 0
1.811839878168 0.549147663600 0
0.295175089405 0.000000000000 0
1.963526149660 0.427623378333 0
5.261191474618 1.645084745780 1
3.633056302630 0.000000000000 1
3.294782637331 0.000000000000 0
8.215273198788 0.000000000000 0
6.455694398492 5.295605684859 1
4.179589481230 0.000000000000 0
7.934631638089 0.000000000000 0
4.191322695487 0.000000000000 0
2.143015792569 0.000000000000 0
7.162767931517 0.000000000000 1
8.050803050607 1.495947856486 0
3.378842047180 1.439274847187 0
0.129793214095 0.000000000000 0
7.045775008853 3.191202056600 1
1.413755770026 0.000000000000 0
1.003143376394 0.000000000000 0
2.876668040151 1.344398305155 0
0.588648713577 0.000000000000 0
4.538399718033 0.000000000000 0
3.739138148370 0.000000000000 0
6.921778082392 0.000000000000 1
5.715571776437 0.000000000000 0
4.024905121326 0.741661906025 0
6.685548497388 0.000000000000 1
5.892270089637 0.000000000000 0
2.426861551436 2.076304563377 0
7.976360978117 2.945217240519 1
7.318014240032 0.077005897906 1
1.900769289808 0.000000000000 0
4.492869903184 0.000000000000 0
7.745478565567 7.632628217105 0
1.229769488777 0.000000000000 0
5.773813483629 0.000000000000 0
3.522215603756 0.265943411711 1
2.442501199901 0.000000000000 0
1.859353902823 0.000000000000 0
9.929684648930 9.772170215527 1
2.708737371077 0.000000000000 0
4.638952394739 2.972192486616 1
5.760935235588 0.000000000000 1
3.935728714409 0.000000000000 0
7.753227258640 1.020180737154 1
4.048082393939 1.270119162198 0
0.816483958698 0.000000000000 0
0.252429768882 0.000000000000 0
7.507412610705 1.371938751720 1
7.212990735091 0.591264412163 0
2.789620316323 2.027581653710 1
5.528078249854 1.110240461313 0
7.271442896004 0.000000000000 0
7.753319430054 0.000000000000 1
8.376947089860 2.652207039078 1
3.007658660206 0.000000000000 0
3.314516514971 0.000000000000 0
5.891549069848 0.000000000000 0
4.728763292048 0.000000000000 1
2.760642764640 0.000000000000 0
0.415673909212 0.000000000000 0
0.431201572070 0.000000000000 0
5.007243930985 0.000000000000 0
8.258117664735 0.000000000000 0
4.394076918190 0.000000000000 0
3.176313492041 0.000000000000 0
4.489805840147 1.651217334372 0
0.567637926482 0.000000000000 0
2.937743833439 0.000000000000 0
3.631111705740 0.000000000000 0
2.123077642698 0.000000000000 0
8.592913718922 0.000000000000 1
3.395099580197 0.000000000000 0
2.444276094886 0.000000000000 0
5.098140911612 0.000000000000 0
1.414735406274 0.000000000000 0
1.264660427834 0.000000000000 0
8.285444307913 0.000000000000 1
0.474155007652 0.000000000000 0
2.563000583540 0.000000000000 0
7.745609300600 0.891566467297 1
0.925144020847 0.000000000000 0
4.029882775072 0.000000000000 0
6.381318757762 0.000000000000 1
6.193980368649 0.000000000000 0
3.683424848055 0.000000000000 1
5.019310938869 0.000000000000 0
7.877227359271 0.000000000000 1
6.459228980821 0.000000000000 0
5.180152425589 2.926562296383 0
0.053012403108 0.000000000000 0
5.243865837847 0.000000000000 1
6.791589143131 0.000000000000 1
7.380327828707 0.000000000000 1
4.298670744000 0.000000000000 1
0.547253908660 0.000000000000 0
2.311590568019 0.000000000000 0
0.131553745535 0.000000000000 0
6.134353631347 1.370115044666 1
1.405481972796 0.000000000000 0
8.139326655077 0.000000000000 1
5.666167113252 5.064268916716 0
8.552734459316 0.000000000000 1
0.990169588602 0.000000000000 0
4.866498281572 0.000000000000 1
4.616269088797 0.000000000000 0
7.775609489171 0.000000000000 1
1.641557633429 0.000000000000 0
7.325617626269 0.000000000000 0
6.463601646211 0.000000000000 1
0.734666498336 0.000000000000 0
5.345054349498 0.000000000000 1
1.554558824751 0.000000000000 0
3.367003707355 1.670119020463 0
7.003908275887 0.000000000000 1
7.096354783483 0.000000000000 1
4.125426973279 2.245804562976 1
5.293109045742 0.730874577962 0
7.876700649616 3.895055466744 1
7.926810528169 0.000000000000 1
1.730135751439 0.000000000000 0
3.681268035094 2.790455110959 0
8.820406084053 0.000000000000 1
5.257347332693 0.000000000000 0
2.398282246774 0.000000000000 0
3.351659470245 0.000000000000 0
2.535488627886 0.115507916483 0
5.802031206035 0.000000000000 0
4.792725045240 2.702730622923 0
5.687868576923 0.000000000000 1
7.870341909682 0.000000000000 1
2.126636485745 0.000000000000 0
5.177726064483 0.000000000000 0
5.154950835229 3.933582189034 0
0.180148101830 0.000000000000 0
5.454416556825 0.000000000000 0
8.186781812447 5.343227397162 0
7.756912443174 0.000000000000 1
1.156535961587 0.000000000000 0
3.985331475138 0.000000000000 0
1.076191235818 0.000000000000 0
1.526116599341 0.000000000000 0
6.069063993955 1.853003713455 0
4.383721921059 0.000000000000 0
2.741029398001 1.452052141936 0
1.764155058636 1.082677309781 0
3.612207030245 0.301501456300 1
7.116420875392 0.000000000000 0
5.613076064540 0.000000000000 0
2.169507064715 1.832050933382 0
0.549505737493 0.000000000000 0
4.679785671822 1.933322533768 0
7.044885759710 0.000000000000 1
1.596748205408 0.955503275121 0
2.266665039782 0.979582563608 0
5.373664296295 0.000000000000 0
1.594603603004 0.000000000000 0
4.598833302711 2.623558811010 0
0.936568035325 0.000000000000 0
0.560234867767 0.000000000000 0
7.344643011871 2.075486545943 1
7.285097279928 2.579034702608 0
0.251811726368 0.000000000000 0
9.098018533671 0.000000000000 1
3.892324289626 0.000000000000 0
1.777617010045 0.000000000000 0
6.099305768562 0.000000000000 0
4.148734856227 0.000000000000 0
0.208856765508 0.000000000000 0
4.086767926034 0.000000000000 0
5.835665088609 1.525719006346 1
1.499657159605 0.637017404706 0
6.429897486680 0.590876738756 0
3.918890650000 2.390151961052 1
7.811719558505 0.000000000000 0
5.406799979866 0.000000000000 0
3.467792824980 1.674148256103 0
7.041869098812 0.168869623101 0
6.874465876302 1.355058079759 1
3.687313585682 0.000000000000 0
7.405649601648 0.000000000000 1
9.367945746211 3.389763336085 1
3.096368943566 0.000000000000 0
0.481244461099 0.000000000000 0
5.811495046778 0.000000000000 1
7.684423380886 6.094135153653 1
1.260420322317 0.000000000000 0
0.606821987636 0.000000000000 0
0.636294783226 0.208584388483 0
3.245805891496 0.000000000000 0
3.992858505043 0.794026775671 0
2.161827171431 0.000000000000 0
0.387543757880 0.000000000000 0
5.071918516105 0.000000000000 0
4.912646468544 0.000000000000 1
7.719703688494 0.000000000000 1
7.034384084272 0.000000000000 0
3.766573719690 0.000000000000 0
5.018270342707 0.000000000000 0
7.110717255241 0.000000000000 1
1.571003132593 0.585222078723 0
1.385989444917 0.000000000000 0
4.959803624823 0.000000000000 0
1.894370244425 0.000000000000 0
0.138318015671 0.084296069842 0
1.977753914705 0.076964303428 0
6.447895114416 0.000000000000 1
6.160862973199 0.000000000000 1
4.489011993200 0.000000000000 1
4.979713141320 0.000000000000 0
7.312952840675 0.000000000000 1
1.776345614075 0.116523825370 0
1.586372478721 0.000000000000 0
4.805885810370 0.000000000000 0
3.306370271734 0.000000000000 0
5.845654806225 0.000000000000 1
0.609248412056 0.000000000000 0
3.724268273742 2.241213087291 0
3.954081897529 1.091660899350 1
3.289543994285 0.000000000000 0
5.768905441043 0.000000000000 1
1.811465423535 0.000000000000 0
4.410364062006 3.304587903403 0
8.279213219453 0.245209917100 1
1.093597274330 0.000000000000 0
5.714703123933 0.349190448888 1
4.258895726890 0.000000000000 0
7.063981040113 0.061693576296 0
3.594866315756 0.000000000000 0
3.687331368296 0.000000000000 0
0.657804997010 0.000000000000 0
6.694306838205 0.000000000000 1
3.363669242602 0.000000000000 0
6.264556818099 3.643563047313 1
2.079569845997 0.000000000000 0
4.419995237369 0.175423903687 1
8.645639716346 2.309604155081 1
1.677970856105 0.000000000000 0
6.228539713233 0.000000000000 0
3.497236592756 0.000000000000 0
3.411744552452 1.461890947897 0
5.609135729308 0.083171105690 0
7.747341018582 1.374480240246 1
8.869666758373 0.000000000000 0
1.357130741078 0.000000000000 0
2.261024333277 2.246555730778 1
2.928881136091 0.000000000000 0
0.044843518007 0.000000000000 0
5.469277670327 5.347429249769 0
0.464398576067 0.000000000000 0
4.356435248456 0.000000000000 1
7.954437619173 4.700213490611 1
1.978141701996 0.000000000000 0
5.344080168090 3.691420813683 1
0.165226513032 0.000000000000 0
4.357585389309 0.000000000000 0
2.974959081085 0.000000000000 0
2.360738027234 1.564809675691 0
1.528202242703 0.000000000000 0
2.150067945226 0.000000000000 0
0.628305905789 0.000000000000 0
0.790894426763 0.000000000000 0
6.225436070370 5.753427678010 1
6.082071919258 2.464117103208 0
7.569476301060 1.893240658608 1
1.361449680130 0.000000000000 0
7.231969626216 0.000000000000 1
1.234823963021 0.000000000000 0
1.715435494411 0.000000000000 0
0.497592693633 0.000000000000 0
0.690700696376 0.000000000000 0
7.842228378281 0.000000000000 0
0.080631118685 0.000000000000 0
4.872049730718 1.237446383613 1
2.988946498605 0.000000000000 0
1.662380989054 0.000000000000 0
4.436985127029 1.027973071731 1
3.880210471969 0.000000000000 1
4.952029204320 3.260802168341 1
0.267015415322 0.000000000000 0
6.889801896319 0.000000000000 1
3.923110647833 0.000000000000 0
2.084197792631 0.000000000000 0
1.832427629210 0.000000000000 0
4.491960080108 2.855127766199 0
10.511401687723 1.728537342938 1
4.652614840321 0.000000000000 0
0.867085432529 0.000000000000 0
1.500962341116 0.720888185178 0
7.012876944818 0.000000000000 0
