4.857457284543 0.000000000000 1
0.523592760601 0.164751193598 0
5.416741955969 0.000000000000 0
7.164556876037 0.000000000000 1
5.358716565207 0.554463323090 1
5.093115447605 0.000000000000 0
4.218437265708 0.556627697203 1
1.199588587002 0.192610225982 0
7.634523817577 2.045282031456 1
4.860214796692 0.375460639878 0
7.360030194008 0.000000000000 1
7.512282166840 0.000000000000 1
4.556610608109 0.000000000000 1
3.688367183624 0.000000000000 0
9.740116911395 0.000000000000 1
2.360792347556 0.000000000000 0
1.941498275644 0.000000000000 0
8.549653205882 0.000000000000 0
5.533571084719 0.000000000000 0
0.819269804828 0.000000000000 0
2.864789339467 1.964802475466 1
3.702490625582 0.000000000000 0
2.164236720219 0.000000000000 0
7.152753664990 0.000000000000 0
2.099487024441 0.000000000000 0
0.725554642074 0.975518135355 0
3.190395384875 1.455718857911 0
0.379813060897 0.000000000000 0
4.650650390687 0.099722555719 1
1.436901365302 0.000000000000 0
6.464133334246 0.000000000000 1
9.709275885803 0.000000000000 1
6.825501820403 0.000000000000 0
9.082891508579 0.120213388742 1
1.159337254031 0.000000000000 0
7.761888792392 0.000000000000 1
4.767579302547 0.098718733859 1
9.119690373465 0.197347636757 1
5.594183097947 0.000000000000 0
0.494457744014 0.000000000000 0
8.831228698055 0.000000000000 1
4.101735590573 0.316848164926 0
7.029038912005 0.000000000000 1
5.012710724851 0.000000000000 1
9.878375038956 0.000000000000 1
3.544174528666 0.000000000000 0
9.299148551539 0.000000000000 1
1.199767225949 0.413900150940 0
7.713746896208 0.076094084765 1
2.895891987373 0.000000000000 0
5.332583025074 0.000000000000 0
4.050265647672 0.000000000000 1
5.532910922622 0.000000000000 1
7.580640513520 0.181132016615 1
0.550827889655 0.000000000000 0
5.416152757644 1.947061529416 1
4.811478838300 0.000000000000 1
1.062079903682 0.000000000000 0
6.230864895742 0.556271909986 0
4.447963289082 1.000245710994 0
8.899885904833 0.000000000000 1
5.452254811142 0.000000000000 0
3.363427925944 0.000000000000 0
4.319616970642 0.000000000000 0
3.174895682634 0.000000000000 0
3.867262919195 0.000000000000 0
7.734273555218 0.000000000000 1
4.443414898892 0.472555447924 0
5.937638978058 0.000000000000 1
5.707348762507 0.245084688934 1
6.906387538468 0.000000000000 0
8.109367194389 0.000000000000 1
7.056905286685 0.416576997565 0
5.172200267450 0.000000000000 0
4.802884185511 0.000000000000 1
2.025116982877 0.000000000000 0
2.421355047450 0.000000000000 0
8.337513088811 0.852607492935 0
0.770538699460 0.000000000000 0
4.649024890860 0.000000000000 0
0.896391307713 0.000000000000 0
0.057719601377 0.182046238596 0
5.687682702917 0.306624286098 0
6.039329586025 2.002899659043 0
0.353086750195 0.000000000000 0
1.086697314119 0.000000000000 0
4.005929346492 0.000000000000 1
7.390399833244 0.000000000000 0
3.576033131960 0.000000000000 0
4.396502239707 0.827406375575 0
6.086325376886 0.000000000000 1
4.917393897121 0.580894817227 1
1.753254500680 0.000000000000 0
6.142752756252 0.000000000000 0
9.961077825750 0.000000000000 1
0.321653408472 0.000000000000 0
8.642699509679 0.000000000000 1
9.498115838966 5.680185254784 1
9.289978270046 1.270246538788 1
1.441187025422 0.078936272805 0
5.131810154378 2.272957638557 0
6.555666256369 1.116238675772 0
5.413975112199 0.000000000000 1
1.955257596735 0.000000000000 0
3.957976744556 0.000000000000 0
2.862273997839 1.088572653393 0
5.907331281313 0.000000000000 0
8.009798100957 0.000000000000 1
8.452145930041 0.180212838680 1
6.014024635500 0.000000000000 0
6.017895278003 0.000000000000 1
2.041784617619 0.000000000000 0
6.655959490144 0.288361082689 1
4.135147642261 2.988892758349 0
7.066392150628 1.067566599869 1
0.170762948931 0.000000000000 0
1.030469728035 0.000000000000 0
9.556481125414 1.655780072172 1
9.205013915232 0.000000000000 1
3.614379083362 0.000000000000 0
4.983800961968 0.155419581587 0
4.217114838920 0.000000000000 0
4.730737505161 0.500556953375 0
5.478854442631 0.000000000000 1
5.532679513850 0.000000000000 0
1.830742117521 0.000000000000 0
3.386543821147 0.702028354978 0
7.666403757716 1.776486247298 1
7.438875827068 0.353033212094 1
6.688842914612 0.000000000000 1
2.717953729154 0.806465088241 0
1.863030210299 0.000000000000 0
1.390472774863 0.906941897015 0
1.900084190190 0.545698546079 0
5.458434419861 0.000000000000 0
5.900413052920 0.000000000000 1
3.507043923339 0.000000000000 0
9.865348096209 0.000000000000 1
7.715574440731 0.000000000000 1
4.121185794865 0.539770441958 0
1.185910188657 0.000000000000 0
1.180054669882 2.103199041759 0
8.528467744463 0.000000000000 1
7.106065425424 0.000000000000 0
7.336340886116 0.000000000000 1
7.552409002954 0.000000000000 1
8.346104681519 0.000000000000 1
0.721187899144 0.000000000000 0
7.124724207670 1.193689448055 1
8.610797730881 0.108669991331 0
0.679267163624 1.792470652666 0
9.365690796307 0.000000000000 1
0.505119016483 0.408615727442 0
3.222401401488 1.437739836430 1
4.838097358825 0.000000000000 1
0.391818850966 0.000000000000 0
7.202578972884 0.396413867733 1
2.775717328348 0.284476035601 0
2.166574204870 0.000000000000 0
8.541093788539 0.000000000000 1
7.301478378596 6.845235696863 0
6.109347614877 0.000000000000 1
6.576679341804 0.000000000000 1
6.862184994517 0.000000000000 1
7.484029172470 0.000000000000 1
7.568126755418 0.000000000000 1
6.794496380745 0.795762894604 0
3.914533676178 0.000000000000 0
5.587363069358 0.784428742582 1
9.989385821611 0.000000000000 1
6.513899202987 0.000000000000 0
3.798625582607 0.000000000000 1
4.731772853362 0.821069574834 0
0.718756758264 0.000000000000 0
2.147333176791 0.000000000000 0
6.649842581148 0.749077592284 1
7.760044969043 0.613981553804 0
7.707682963452 0.953775958986 1
4.994209306838 0.000000000000 0
6.185665576252 1.619036623403 1
3.168573041746 0.000000000000 0
7.012862893040 1.062900015618 1
6.904868640903 0.000000000000 0
8.232054628119 0.000000000000 0
7.198913166456 0.000000000000 1
8.513007697605 0.873147658722 1
2.987617367594 2.413694526765 0
5.961409698148 0.000000000000 0
1.421762694699 0.781353963415 0
6.310193632519 1.005970851481 1
6.924340605375 1.594536894168 1
9.958533344910 0.000000000000 1
9.641390916604 0.000000000000 1
6.657041913653 0.985214437289 1
4.201589196102 0.151085432751 1
4.672127559247 0.000000000000 0
2.099292603270 0.000000000000 0
10.795781857742 0.000000000000 1
7.147267244259 0.000000000000 1
5.669090385863 0.000000000000 1
