4.857457284543 0.000000000000 1
0.523592760601 0.164751193598 0
5.416741955969 0.000000000000 0
7.164556876037 0.000000000000 1
5.358716565207 0.554463323090 1
5.093115447605 0.000000000000 0
4.218437265708 0.556627697203 1
1.199588587002 0.192610225982 0
7.634523817577 2.045282031456 1
4.860214796692 0.375460639878 0
7.360030194008 0.000000000000 1
7.512282166840 0.000000000000 1
4.556610608109 0.000000000000 1
3.688367183624 0.000000000000 0
9.740116911395 0.000000000000 1
2.360792347556 0.000000000000 0
1.941498275644 0.000000000000 0
8.549653205882 0.000000000000 0
5.533571084719 0.000000000000 0
0.819269804828 0.000000000000 0
2.864789339467 1.964802475466 1
3.702490625582 0.000000000000 0
2.164236720219 0.000000000000 0
7.152753664990 0.000000000000 0
2.099487024441 0.000000000000 0
0.725554642074 0.975518135355 0
3.190395384875 1.455718857911 0
0.379813060897 0.000000000000 0
4.650650390687 0.099722555719 1
1.436901365302 0.000000000000 0
6.464133334246 0.000000000000 1
9.709275885803 0.000000000000 1
6.825501820403 0.000000000000 0
9.082891508579 0.120213388742 1
1.159337254031 0.000000000000 0
7.761888792392 0.000000000000 1
4.767579302547 0.098718733859 1
9.119690373465 0.197347636757 1
5.594183097947 0.000000000000 0
0.494457744014 0.000000000000 0
8.831228698055 0.000000000000 1
4.101735590573 0.316848164926 0
7.029038912005 0.000000000000 1
5.012710724851 0.000000000000 1
9.878375038956 0.000000000000 1
3.544174528666 0.000000000000 0
9.299148551539 0.000000000000 1
1.199767225949 0.413900150940 0
7.713746896208 0.076094084765 1
2.895891987373 0.000000000000 0
5.332583025074 0.000000000000 0
4.050265647672 0.000000000000 1
5.532910922622 0.000000000000 1
7.580640513520 0.181132016615 1
0.550827889655 0.000000000000 0
5.416152757644 1.947061529416 1
4.811478838300 0.000000000000 1
1.062079903682 0.000000000000 0
6.230864895742 0.556271909986 0
4.447963289082 1.000245710994 0
8.899885904833 0.000000000000 1
5.452254811142 0.000000000000 0
3.363427925944 0.000000000000 0
4.319616970642 0.000000000000 0
3.174895682634 0.000000000000 0
3.867262919195 0.000000000000 0
7.734273555218 0.000000000000 1
4.443414898892 0.472555447924 0
5.937638978058 0.000000000000 1
5.707348762507 0.245084688934 1
6.906387538468 0.000000000000 0
8.109367194389 0.000000000000 1
7.056905286685 0.416576997565 0
5.172200267450 0.000000000000 0
4.802884185511 0.000000000000 1
2.025116982877 0.000000000000 0
2.421355047450 0.000000000000 0
8.337513088811 0.852607492935 0
0.770538699460 0.000000000000 0
4.649024890860 0.000000000000 0
0.896391307713 0.000000000000 0
0.057719601377 0.182046238596 0
5.687682702917 0.306624286098 0
6.039329586025 2.002899659043 0
0.353086750195 0.000000000000 0
1.086697314119 0.000000000000 0
4.005929346492 0.000000000000 1
7.390399833244 0.000000000000 0
3.576033131960 0.000000000000 0
4.396502239707 0.827406375575 0
6.086325376886 0.000000000000 1
4.917393897121 0.580894817227 1
1.753254500680 0.000000000000 0
6.142752756252 0.000000000000 0
9.961077825750 0.000000000000 1
0.321653408472 0.000000000000 0
8.642699509679 0.000000000000 1
9.498115838966 5.680185254784 1
9.289978270046 1.270246538788 1
1.441187025422 0.078936272805 0
5.131810154378 2.272957638557 0
6.555666256369 1.116238675772 0
5.413975112199 0.000000000000 1
1.955257596735 0.000000000000 0
3.957976744556 0.000000000000 0
2.862273997839 1.088572653393 0
5.907331281313 0.000000000000 0
8.009798100957 0.000000000000 1
8.452145930041 0.180212838680 1
6.014024635500 0.000000000000 0
6.017895278003 0.000000000000 1
2.041784617619 0.000000000000 0
6.655959490144 0.288361082689 1
4.135147642261 2.988892758349 0
7.066392150628 1.067566599869 1
0.170762948931 0.000000000000 0
1.030469728035 0.000000000000 0
9.556481125414 1.655780072172 1
9.205013915232 0.000000000000 1
3.614379083362 0.000000000000 0
4.983800961968 0.155419581587 0
4.217114838920 0.000000000000 0
4.730737505161 0.500556953375 0
5.478854442631 0.000000000000 1
5.532679513850 0.000000000000 0
1.830742117521 0.000000000000 0
3.386543821147 0.702028354978 0
7.666403757716 1.776486247298 1
7.438875827068 0.353033212094 1
6.688842914612 0.000000000000 1
2.717953729154 0.806465088241 0
1.863030210299 0.000000000000 0
1.390472774863 0.906941897015 0
1.900084190190 0.545698546079 0
5.458434419861 0.000000000000 0
5.900413052920 0.000000000000 1
3.507043923339 0.000000000000 0
9.865348096209 0.000000000000 1
7.715574440731 0.000000000000 1
4.121185794865 0.539770441958 0
1.185910188657 0.000000000000 0
1.180054669882 2.103199041759 0
8.528467744463 0.000000000000 1
7.106065425424 0.000000000000 0
7.336340886116 0.000000000000 1
7.552409002954 0.000000000000 1
8.346104681519 0.000000000000 1
0.721187899144 0.000000000000 0
7.124724207670 1.193689448055 1
8.610797730881 0.108669991331 0
0.679267163624 1.792470652666 0
9.365690796307 0.000000000000 1
0.505119016483 0.408615727442 0
3.222401401488 1.437739836430 1
4.838097358825 0.000000000000 1
0.391818850966 0.000000000000 0
7.202578972884 0.396413867733 1
2.775717328348 0.284476035601 0
2.166574204870 0.000000000000 0
8.541093788539 0.000000000000 1
7.301478378596 6.845235696863 0
6.109347614877 0.000000000000 1
6.576679341804 0.000000000000 1
6.862184994517 0.000000000000 1
7.484029172470 0.000000000000 1
7.568126755418 0.000000000000 1
6.794496380745 0.795762894604 0
3.914533676178 0.000000000000 0
5.587363069358 0.784428742582 1
9.989385821611 0.000000000000 1
6.513899202987 0.000000000000 0
3.798625582607 0.000000000000 1
4.731772853362 0.821069574834 0
0.718756758264 0.000000000000 0
2.147333176791 0.000000000000 0
6.649842581148 0.749077592284 1
7.760044969043 0.613981553804 0
7.707682963452 0.953775958986 1
4.994209306838 0.000000000000 0
6.185665576252 1.619036623403 1
3.168573041746 0.000000000000 0
7.012862893040 1.062900015618 1
6.904868640903 0.000000000000 0
8.232054628119 0.000000000000 0
7.198913166456 0.000000000000 1
8.513007697605 0.873147658722 1
2.987617367594 2.413694526765 0
5.961409698148 0.000000000000 0
1.421762694699 0.781353963415 0
6.310193632519 1.005970851481 1
6.924340605375 1.594536894168 1
9.958533344910 0.000000000000 1
9.641390916604 0.000000000000 1
6.657041913653 0.985214437289 1
4.201589196102 0.151085432751 1
4.672127559247 0.000000000000 0
2.099292603270 0.000000000000 0
10.795781857742 0.000000000000 1
7.147267244259 0.000000000000 1
5.669090385863 0.000000000000 1
6.833947474052 0.000000000000 1
7.556038393455 0.000000000000 0
4.306987392281 0.384889147671 0
1.734661601440 0.000000000000 0
4.358909125245 0.000000000000 0
4.236026135994 0.000000000000 0
7.997619155216 2.486749575908 1
3.739409365049 0.000000000000 0
6.831132584648 0.000000000000 1
0.814986129328 0.000000000000 0
3.755671971913 0.000000000000 0
0.696933138654 0.000000000000 0
9.272743912299 1.262654570789 1
1.258943270256 0.000000000000 0
5.104228569357 0.000000000000 0
5.974860875380 1.702109940729 1
3.195237554881 0.000000000000 0
9.447015194145 0.000000000000 0
1.176519938910 1.200954405048 0
0.047521478484 0.000000000000 0
7.159326454147 0.000000000000 1
6.811918551162 0.000000000000 1
4.373184039395 1.589404540575 0
3.877470855279 0.000000000000 0
7.371932189495 0.000000000000 1
5.678836355168 0.000000000000 1
0.697871037866 0.000000000000 0
6.855842970039 0.584142377688 0
7.688374338175 0.000000000000 1
7.228529572187 0.083316212152 0
6.862537307086 2.176471306709 1
0.973337324106 0.407466097332 0
7.169647735393 0.000000000000 1
9.892775880499 0.249550650231 1
9.517764586400 3.251821323318 1
0.191232473279 0.382528570989 0
1.730270544911 0.000000000000 0
1.272314147214 0.000000000000 0
6.009876580397 0.000000000000 0
4.969461383337 1.287793552915 0
2.179990548295 0.000000000000 0
9.288740767162 0.000000000000 1
5.531828524235 1.686394018655 0
7.969300463086 0.564651054367 1
3.619339812900 0.000000000000 0
2.181786135344 0.000000000000 0
5.290313764590 1.133237310560 1
0.019191889990 0.000000000000 0
1.554250716148 0.000000000000 0
0.394623682554 1.354290775303 0
1.236050849461 1.801811987464 0
4.377866661641 0.000000000000 1
1.944936340204 0.000000000000 0
7.739137244652 0.000000000000 0
8.278462723947 0.000000000000 1
2.555562804597 0.000000000000 0
1.925307429563 0.297409247867 0
3.307286019411 0.000000000000 0
5.687017389544 1.323391371648 1
5.723324657840 0.000000000000 1
3.223926602932 0.000000000000 0
1.585692784572 0.000000000000 0
5.360351671266 0.000000000000 0
8.344753745410 0.855118929991 1
6.717824557090 0.000000000000 1
4.923209887778 0.000000000000 1
0.170095705691 0.611359934064 0
5.378466489919 0.724161103933 1
0.304225851596 0.000000000000 0
8.652517059154 0.000000000000 0
5.766365532514 0.000000000000 0
6.690551652181 0.000000000000 1
0.174048301215 0.000000000000 0
5.833192678884 0.000000000000 0
3.737555857982 1.311311291560 0
0.823544999122 0.000000000000 0
5.952372051828 0.343691060374 1
0.265913109702 0.000000000000 0
7.485196274749 0.000000000000 1
7.230397545543 0.000000000000 1
3.403402658524 0.479624859837 0
7.930106457253 0.309727689656 1
4.266194583798 0.000000000000 1
8.380290003630 0.222571094568 1
4.398136093574 0.037271459343 0
7.204299241906 0.000000000000 1
3.498801530953 0.000000000000 0
9.004690617065 0.161797035332 1
6.013726104177 0.000000000000 1
0.193814937867 0.000000000000 0
2.741137606749 0.213820688208 0
0.929786730045 0.000000000000 0
5.893034758586 0.000000000000 1
6.884521131491 0.771289434579 1
7.191969036692 4.076525152621 0
5.031104160872 0.000000000000 0
0.158102899380 0.000000000000 0
5.784155867635 0.000000000000 1
6.094847318830 0.000000000000 1
0.116406663312 0.000000000000 0
8.161596300438 0.431563198020 1
3.872444550062 0.000000000000 0
1.230755747632 0.000000000000 0
4.222654498314 0.330505025571 0
6.929721890471 0.000000000000 0
1.929733874648 0.000000000000 0
6.775270931024 0.000000000000 1
0.342060337982 0.000000000000 0
2.065042642322 0.000000000000 0
7.648822457980 0.000000000000 0
4.417856547540 0.038110328161 1
2.106689831347 0.000000000000 0
5.400842803711 0.000000000000 0
2.201034152506 2.571623987595 0
6.098286160938 0.601532902597 0
1.088066853145 0.000000000000 0
8.222453948621 0.000000000000 1
0.427189885853 0.011275462577 0
7.937527943960 0.000000000000 0
7.242113801519 2.243531573729 1
8.891255332229 0.000000000000 1
2.456917765400 0.000000000000 0
7.563673214966 0.000000000000 1
2.195291725713 0.696187732202 0
8.329071160249 0.000000000000 1
2.088909907734 0.000000000000 0
9.560397568826 1.158993135610 1
1.573477291850 1.037332921770 0
7.490197140053 0.000000000000 0
7.367427476020 0.416730883827 1
2.822465624863 0.000000000000 0
5.991188218678 0.000000000000 1
5.834843819483 0.000000000000 1
2.212174716465 0.000000000000 0
8.228472517353 0.000000000000 1
7.110398290944 0.474646820898 1
6.556938094265 0.000000000000 0
5.381268357446 1.396941828885 0
2.896721154337 0.000000000000 0
6.980193888478 0.000000000000 1
0.874020277434 0.000000000000 0
5.092996432824 0.000000000000 0
7.239259817727 0.000000000000 0
4.903732473743 0.000000000000 1
7.627141853750 0.000000000000 1
0.303004303484 0.000000000000 0
7.855415137425 0.000000000000 1
5.040085439291 0.000000000000 0
1.916711072596 0.000000000000 0
0.477697199032 0.000000000000 0
6.198001815036 0.000000000000 1
4.360438444708 0.000000000000 0
5.636754525874 0.450322053450 0
0.049157247050 0.000000000000 0
7.125126776283 0.000000000000 1
4.105521223940 0.144579356416 0
2.883803706155 0.000000000000 0
4.718181351076 0.000000000000 1
2.195925972701 0.147653842318 0
6.770937758500 0.000000000000 0
3.516459372600 0.000000000000 0
0.002770599804 0.000000000000 0
6.199107412051 0.000000000000 0
3.083217168954 1.437792301963 0
9.968094337815 0.000000000000 1
1.933586360563 0.794212592438 0
8.603002324477 0.000000000000 1
1.821388171836 0.000000000000 0
0.455873881743 0.000000000000 0
2.928867178504 0.061367538347 1
0.500397553735 0.855419165014 0
7.002307268986 1.675035885545 1
2.031024204335 0.000000000000 0
7.698272268664 0.474683118218 1
6.906086374859 0.271952840371 1
2.778819147392 0.000000000000 0
3.700893164081 0.000000000000 0
7.602620753013 0.007816258150 1
8.566528015789 3.863860126136 1
2.971401589060 0.000000000000 0
3.263979825935 0.000000000000 0
5.998728398045 0.583407443407 0
6.101749009031 1.178133495164 0
1.534692950436 0.524195188861 0
6.695838006347 1.050022743105 1
1.964875941105 0.319351242717 0
8.334853714585 0.000000000000 1
5.172473602056 0.000000000000 1
2.613971777596 0.000000000000 0
0.302928220032 0.000000000000 0
7.977713401512 0.205274287493 0
7.194029390029 2.400437685437 0
5.357442467324 0.000000000000 1
6.005403352462 0.000000000000 1
5.858763071938 0.000000000000 1
5.067736801111 0.000000000000 0
7.306034646585 0.000000000000 1
7.910664092926 0.000000000000 1
6.509896475693 0.000000000000 1
1.431552577870 0.000000000000 0
1.844580058609 1.003179132221 0
4.129073196369 0.000000000000 0
5.225841890711 0.000000000000 1
7.215768768824 0.000000000000 0
6.695672912959 2.782622700308 1
6.870526228783 0.000000000000 1
5.463604881359 0.000000000000 0
3.822045824402 0.000000000000 0
7.072797267222 0.345059188123 0
0.945177435870 0.000000000000 0
3.491907535087 0.000000000000 0
1.005069182325 0.000000000000 0
0.537048882341 0.000000000000 0
6.470312317285 0.000000000000 0
7.864890070345 0.000000000000 1
1.042608586703 0.000000000000 0
6.557161602514 0.172645521563 1
5.047863664438 1.573888541824 1
0.568048024071 0.000000000000 0
3.051110774428 0.000000000000 0
6.980818615445 0.000000000000 1
0.688115455496 0.000000000000 0
0.684919853736 0.142360967103 0
4.163121850019 2.025103290627 1
4.478795476040 0.000000000000 0
6.635847442876 0.000000000000 1
1.632943704726 0.018128649942 0
1.168710115809 0.000000000000 0
7.477549285255 0.000000000000 1
2.183472431887 0.000000000000 0
0.027427607333 0.667927406451 0
3.512182035902 0.000000000000 0
5.752105867005 0.000000000000 1
0.604632864606 0.000000000000 0
6.085519910376 0.000000000000 1
0.983343504869 0.000000000000 0
0.314145223930 0.000000000000 0
1.113233959516 0.000000000000 0
8.127883459054 0.000000000000 1
1.088657341266 0.444784719770 0
3.634969808164 0.000000000000 0
7.356182420365 0.000000000000 0
5.433790652518 0.687583734753 1
8.074583728381 0.112719525335 1
1.789545459548 0.000000000000 0
6.990006431805 0.000000000000 0
4.918171657095 0.670199496157 0
7.553603075822 0.000000000000 1
7.540087762007 0.323560028136 0
3.607295109646 0.000000000000 1
7.263153641947 0.850201013872 0
5.621994936807 0.000000000000 0
5.578681862750 0.000000000000 1
6.782675441386 0.000000000000 1
2.112502695694 0.000000000000 0
4.339571053350 0.000000000000 0
5.631338616631 0.000000000000 1
7.033228153630 0.685525637996 1
1.370437359789 0.405282635997 0
4.791751167446 0.354462374015 0
1.222465004788 0.000000000000 0
8.802659293529 0.000000000000 1
3.697511888520 0.000000000000 0
0.617884014544 0.000000000000 0
2.328946961841 0.000000000000 0
3.868268045632 0.000000000000 0
5.870293179663 0.398007719766 0
6.757979100676 0.913403304422 1
10.300402223579 1.940293577630 1
2.603294489777 0.000000000000 0
0.774717483607 0.000000000000 0
6.820996219382 0.000000000000 1
8.598901311240 1.183468555963 1
0.786930653723 0.000000000000 0
4.590971653606 2.375169753118 0
0.130996016572 0.768851981592 0
1.511082113406 0.000000000000 0
8.223365538120 0.000000000000 1
8.596315525697 0.000000000000 1
1.200937223580 1.046295721555 0
7.258701656207 0.000000000000 1
4.188705075472 0.000000000000 0
2.632879701472 0.000000000000 0
8.775617683059 0.000000000000 1
4.663971358420 0.000000000000 0
5.674561746611 0.000000000000 0
4.221630005808 0.000000000000 1
8.542655884905 0.000000000000 0
8.572260682132 0.766125078281 1
1.690928332039 0.000000000000 0
5.980359988460 0.000000000000 1
3.047317692331 0.000000000000 0
3.515813621636 0.000000000000 0
2.151254487539 0.000000000000 0
5.443219350830 0.000000000000 0
0.213915076377 0.268642418579 0
1.239540658198 0.000000000000 0
2.072990998374 0.135406518266 0
6.453572319178 0.000000000000 1
3.447142065722 0.000000000000 0
7.405031755711 0.000000000000 1
7.807619040011 1.177718922164 0
3.078830377449 0.135543452128 0
5.215188654382 0.385662246693 1
4.623394179917 0.000000000000 0
2.801088954917 0.000000000000 0
7.855729600178 0.000000000000 0
3.477616416937 0.000000000000 0
5.756576838352 0.000000000000 1
2.703970405944 0.000000000000 1
8.257286792386 0.000000000000 1
0.978796164964 0.099228010523 0
1.368439678884 1.668895195952 0
5.503638825502 0.000000000000 1
8.079297818131 0.000000000000 0
4.612909599923 0.774879827630 1
8.966198673409 0.000000000000 1
5.947524496792 1.807395266550 1
6.409182906699 0.000000000000 1
2.071338623618 0.158830236524 0
6.844372913806 2.617555847682 1
8.667614535235 0.000000000000 1
4.892674524736 0.908712120469 1
8.552340320673 0.000000000000 1
6.343949812530 0.000000000000 1
5.799441360364 0.000000000000 1
7.050236298575 0.000000000000 1
2.579789910003 0.673573944301 0
4.424197924619 0.000000000000 0
1.543678118953 0.116806215638 0
5.136461115517 0.000000000000 1
3.868466919464 0.000000000000 0
0.954216810298 0.000000000000 0
0.166727218072 0.269271601790 0
2.025245102902 0.278843996743 0
7.231359580740 0.286289990871 1
3.151715834380 0.000000000000 0
1.111206778641 0.000000000000 0
2.930355370540 0.091760320506 0
7.246219394961 0.000000000000 1
10.254212594138 0.000000000000 0
8.702011072328 0.000000000000 1
6.781193954553 0.000000000000 0
1.587705034470 0.000000000000 0
6.216548975601 0.000000000000 1
7.908197522318 0.000000000000 1
2.803018302233 0.000000000000 0
3.019106194657 0.000000000000 1
5.251883129261 0.000000000000 1
6.544869783019 0.000000000000 1
10.309942543462 0.000000000000 1
4.035241553605 0.000000000000 0
0.459993327755 0.000000000000 0
9.118921890652 0.000000000000 1
6.511823680234 0.000000000000 0
1.457505603533 0.000000000000 0
7.866612198101 0.000000000000 1
7.438318481190 0.000000000000 1
3.461019419449 0.763724355005 0
8.402113869252 0.291073681516 1
6.016165443489 0.000000000000 0
7.194047445871 0.000000000000 1
5.997718893846 0.000000000000 1
4.842007432609 0.089816649335 0
5.780068327281 0.089804740622 1
5.327460700686 0.000000000000 1
9.659306809906 0.000000000000 1
3.363909651526 0.000000000000 0
9.380455558443 1.211558361654 1
2.836101574156 0.000000000000 0
7.024498646622 0.000000000000 0
1.412476637320 0.000000000000 0
4.903014443122 0.000000000000 0
0.425991225229 0.298923643150 0
0.932214221868 0.000000000000 0
1.236765685774 0.000000000000 0
1.559085064354 0.000000000000 0
2.245531319348 0.000000000000 0
7.010762283810 0.000000000000 1
6.660905749033 1.567448287481 0
6.634533393970 0.000000000000 1
7.165187790243 0.000000000000 1
7.298024142683 0.000000000000 1
8.946307110070 0.015081557318 1
4.730701223352 1.379251450809 0
3.586294190102 0.000000000000 0
0.481865236846 0.000000000000 0
8.510135417217 0.000000000000 1
6.924755823057 2.335082052743 0
7.752700333255 0.000000000000 1
1.489967720970 0.000000000000 0
0.895769408015 0.000000000000 0
4.847322939737 0.322860858286 0
3.447714315809 0.523502992276 1
5.138195101489 0.558077311218 0
2.805508962015 0.000000000000 0
2.696623497160 0.000000000000 0
0.855947011033 0.000000000000 0
6.209228362548 0.000000000000 1
5.511010834663 0.609495596583 0
3.466177787430 0.388214557117 0
5.732172521975 0.000000000000 1
6.870879624055 1.615897374275 0
8.038082422599 0.000000000000 1
0.177868794453 0.000000000000 0
7.605057897373 0.000000000000 1
6.960907690488 0.000000000000 0
7.747079344247 0.000000000000 1
3.659580496192 0.727575580153 0
5.171930044239 3.116144824371 1
0.672052860033 0.000000000000 0
5.579224907196 0.000000000000 1
8.314621018270 1.030380093491 1
2.685621182178 0.613225048654 0
7.161020379358 0.000000000000 0
1.906082106954 0.205437399125 0
1.258468218658 3.048664388668 0
6.159895492640 0.437834498366 1
6.027523308653 3.563888771656 0
8.088573431209 0.005802072259 1
4.257855513990 0.000000000000 0
0.620583536386 0.237741460379 0
6.020400136767 0.000000000000 1
8.610333460084 0.264320875073 1
5.883419239369 0.000000000000 0
5.798159726135 0.214164111986 1
8.290541436472 0.000000000000 1
3.275492831021 0.000000000000 0
0.893658952241 0.482883512392 0
6.200537171453 0.000000000000 1
5.294769280160 0.085281742745 0
7.185927805647 1.241936129795 0
8.266410838413 2.151203885102 0
2.817798528112 0.000000000000 1
6.032225648401 0.000000000000 1
5.867603891644 0.000000000000 1
3.088415740915 0.000000000000 0
2.538217478492 0.000000000000 0
6.090129054904 0.000000000000 1
4.142875562198 0.000000000000 1
10.350038916980 0.000000000000 1
6.804893139468 0.000000000000 1
2.996791973485 0.000000000000 1
6.975653282003 0.000000000000 1
0.527129134537 0.000000000000 0
6.569614775019 0.000000000000 1
6.195305393671 0.354780422740 1
5.757523113932 0.000000000000 1
4.992845381969 1.065560609015 0
7.612453184194 0.000000000000 0
4.744898381760 0.000000000000 0
7.204104069705 0.105731888220 1
0.065509088518 0.343001002343 0
0.624133718519 0.000000000000 0
0.220342058022 0.000000000000 0
9.399108836937 0.143986617861 1
6.868732654820 0.000000000000 1
8.436613069455 0.000000000000 1
9.337956247650 0.000000000000 1
9.852143464117 0.000000000000 1
5.071028021682 0.610022076724 1
8.157590598697 0.000000000000 1
4.050104569089 0.393492886564 0
4.397079481284 1.116180217443 1
7.051729173231 0.000000000000 1
5.560237945600 0.092656331109 0
2.813073300450 0.000000000000 0
0.578815513396 0.000000000000 0
6.046374078494 0.000000000000 0
7.335023962387 1.527154997291 1
4.309989475279 0.000000000000 0
5.085760977236 1.300379468064 0
3.416551249429 0.788210433868 0
2.779211228845 0.000000000000 0
1.238850318330 0.000000000000 0
9.233323343480 0.000000000000 1
0.243925389735 3.178970826890 0
5.803054849218 0.343503933454 1
4.183045203950 0.000000000000 0
4.299405679153 0.000000000000 0
7.980788784764 0.000000000000 1
2.285162927933 0.000000000000 0
7.759097134929 0.000000000000 1
5.758470261046 0.000000000000 1
2.266406843661 1.706236190344 0
6.352244168566 0.000000000000 1
8.693951153801 0.479883963974 1
8.194755274815 0.000000000000 1
0.073138225358 0.000000000000 0
6.736613323997 0.000000000000 1
4.465377884006 0.000000000000 0
1.517430607190 0.870526956593 0
1.470017294524 1.583807992369 0
7.762257557139 0.000000000000 1
6.744339930075 0.000000000000 0
0.722812332122 0.000000000000 0
0.464326766860 0.000000000000 0
7.296035622743 0.000000000000 0
6.670186718805 0.000000000000 1
0.085157550213 0.000000000000 0
5.261258236570 1.627153102707 0
0.320073742748 0.305043420824 0
6.141522952613 0.000000000000 1
3.235672136105 0.978711895299 0
0.704757916168 0.272000401877 0
3.025606064552 2.045248182028 0
0.421967984106 0.000000000000 0
3.186441373087 1.297384721893 0
5.271337548805 0.000000000000 0
6.031712345618 0.000000000000 1
1.822212431158 1.494262472820 0
4.872912446825 0.000000000000 0
3.246633818323 0.000000000000 0
7.534868895515 0.000000000000 1
0.745998502527 0.000000000000 0
9.465561829698 0.196640567297 1
7.949448484929 6.786459842347 1
9.816368680236 0.000000000000 1
4.046444831440 1.045455847318 1
0.082600183862 0.000000000000 0
5.943294794354 0.000000000000 0
0.180819654876 0.000000000000 0
1.950559518204 0.000000000000 0
5.863494343402 0.000000000000 1
1.670818274711 0.014353419234 0
3.128037216177 0.000000000000 0
8.267815346736 0.000000000000 1
5.491940188349 0.000000000000 1
0.837397891692 0.000000000000 0
0.291794721615 0.186768953162 0
5.722009621729 1.075046373035 0
6.422587874100 0.000000000000 1
6.150915222565 2.271906390058 1
6.831655875423 0.000000000000 1
5.387462469308 0.941146322980 1
9.048388519241 0.000000000000 1
5.883410266402 0.000000000000 1
7.632280117285 2.579966831829 1
1.710786355872 0.000000000000 0
7.203622563597 0.000000000000 1
4.631028760723 0.000000000000 0
7.719530142265 0.000000000000 1
5.640033104559 0.000000000000 0
5.919192828356 0.000000000000 1
3.325444117634 0.000000000000 0
1.331270428226 0.000000000000 0
5.200860905303 1.657804580510 0
3.631485264514 0.000000000000 0
3.671481870529 0.000000000000 0
5.708601230530 0.000000000000 0
6.470686582564 0.000000000000 1
3.243500941678 0.091935502581 0
10.360799198721 0.000000000000 1
6.068980954603 0.000000000000 1
0.354361300909 0.000000000000 0
4.336197820489 0.000000000000 0
4.672440117759 0.000000000000 0
4.821789356197 0.000000000000 0
2.976731799580 0.000000000000 0
5.149639485080 2.014889117184 1
5.311044448940 0.000000000000 0
4.367291037833 0.000000000000 0
0.580243682413 0.000000000000 0
6.819053523182 0.000000000000 0
1.415428115833 3.000802744406 0
9.031135117038 0.000000000000 1
9.785732166980 0.000000000000 1
7.604487144609 0.000000000000 1
6.878149824303 0.386439312116 0
1.520117392009 1.144489149117 0
5.855542811145 0.000000000000 1
2.690905656422 0.000000000000 0
4.302863400870 0.000000000000 0
1.641843254075 1.218389451603 0
2.424351816099 0.000000000000 0
1.587740725102 0.000000000000 0
1.354989731356 0.595878546008 0
1.328368348959 0.000000000000 0
4.838683008728 0.000000000000 0
3.602631921288 0.000000000000 0
4.424757570202 0.000000000000 0
4.793751580253 0.000000000000 0
0.707868934548 0.000000000000 0
3.900726486811 0.000000000000 0
2.567350478464 2.155208529435 0
7.817168963885 0.788861620751 1
9.892355429548 0.000000000000 1
4.508844582116 0.122563160716 0
5.218431970720 1.215442485261 0
6.944594617399 1.069982397747 1
1.808792737936 0.000000000000 0
7.060743906681 0.000000000000 1
1.846957218338 0.000000000000 0
7.820672561978 0.000000000000 1
1.812687885489 0.067790194658 0
1.983130734363 0.000000000000 0
1.655345018719 0.000000000000 0
0.468310450337 0.231431882749 0
4.081087136866 2.199844045390 0
3.338226223484 0.000000000000 0
2.643350091075 0.208074370613 0
6.910850367023 0.000000000000 1
6.916819296557 0.000000000000 1
5.022491318472 0.000000000000 0
1.333383032710 0.000000000000 0
0.270973967210 0.000000000000 0
7.300729972358 0.000000000000 1
5.203926482166 2.220807703520 1
2.310067841148 0.346970630319 0
8.602370242143 0.000000000000 1
6.617790279794 0.000000000000 1
6.432481208479 0.000000000000 0
2.898943805070 0.274573831800 0
0.472280143047 0.000000000000 0
0.073942896765 0.213811689167 0
6.580338983119 0.392705229932 0
0.154525690745 1.407645984683 0
8.576797927768 0.000000000000 1
7.528538318076 0.000000000000 1
4.718116983390 0.000000000000 1
9.212693011630 4.032380315973 1
7.780552091005 0.000000000000 1
2.230146997996 0.000000000000 0
0.075337657757 0.000000000000 0
3.428825268110 0.000000000000 0
7.162767931517 0.000000000000 1
8.663968309937 0.747973928243 1
5.406147275488 0.719637423594 0
0.207669142552 0.000000000000 0
7.045775008853 1.595601028300 1
2.262009232042 0.000000000000 0
1.605029402231 0.000000000000 0
4.602668864242 0.672199152577 0
0.941837941722 0.000000000000 0
7.261439548852 0.000000000000 0
5.982621037391 0.000000000000 0
6.921778082392 0.000000000000 1
8.265193709802 0.000000000000 1
5.661811024088 0.370830953013 1
6.685548497388 0.000000000000 1
7.144616688320 0.000000000000 1
3.882978482297 1.038152281688 0
0.377266454596 1.472608620260 0
0.308023591624 0.000000000000 0
8.868771237900 0.000000000000 1
9.962679079002 0.380153857962 1
10.457281755274 0.100306524174 1
5.658809353009 1.549095713113 1
6.775875179907 0.000000000000 1
1.063773646845 0.000000000000 0
4.211085845184 0.764025981883 0
4.931638911969 0.000000000000 0
5.651430209342 0.000000000000 1
3.357965553495 0.000000000000 0
6.110171585095 0.000000000000 0
8.755464398588 0.526701582944 1
8.378114705531 0.499504841239 1
4.200530593477 0.000000000000 0
5.079883689865 0.000000000000 1
3.144907294124 1.454479961480 0
4.637502749100 0.000000000000 0
2.602590259790 0.000000000000 0
7.327416929855 2.173705048547 1
6.018286371361 0.231146191441 1
3.959979701052 1.209611133255 0
8.822900361712 0.189625339865 1
6.324444752489 0.000000000000 1
4.333979793722 0.000000000000 0
4.638952394739 1.486096243308 1
5.760935235588 0.000000000000 1
6.297165943054 0.000000000000 0
7.753227258640 0.510090368577 1
1.837833646256 0.635059581099 0
0.335956726432 0.809616478788 0
9.553663206515 0.000000000000 1
5.822258448195 0.120299131039 0
2.365057648650 0.000000000000 0
0.584590467399 0.000000000000 0
1.398168004856 0.000000000000 0
4.440961845251 0.000000000000 0
7.721155237045 0.000000000000 0
3.823438297386 0.000000000000 0
2.993707413895 0.000000000000 0
5.692270248257 1.258864327015 1
4.812253856330 0.000000000000 0
5.303226423953 0.000000000000 0
9.426478511757 0.000000000000 0
4.728763292048 0.000000000000 1
4.417028423424 0.000000000000 0
0.665078254740 0.000000000000 0
0.689922515312 0.000000000000 0
8.011590289575 0.000000000000 0
8.806089876586 0.000000000000 1
7.030523069104 0.000000000000 0
5.082101587265 0.000000000000 0
7.183689344236 0.825608667186 0
0.908220682371 0.000000000000 0
4.700390133503 0.000000000000 0
5.809778729184 0.000000000000 0
3.396924228317 0.000000000000 0
8.592913718922 0.000000000000 1
5.432159328315 0.000000000000 0
3.910841751818 0.000000000000 0
8.157025458579 0.000000000000 0
2.263576650038 0.000000000000 0
2.023456684535 0.000000000000 0
8.285444307913 0.000000000000 1
0.758648012243 0.000000000000 0
4.100800933664 0.000000000000 0
7.745609300600 0.445783233648 1
1.480230433355 0.000000000000 0
6.447812440115 0.000000000000 0
6.381318757762 0.000000000000 1
6.845847741538 0.000000000000 1
3.683424848055 0.000000000000 1
6.363812124194 0.000000000000 1
7.877227359271 0.000000000000 1
8.472923581732 0.000000000000 1
3.370982030295 1.463281148191 0
5.655037897252 0.000000000000 1
0.084819844972 0.000000000000 0
5.243865837847 0.000000000000 1
6.791589143131 0.000000000000 1
7.380327828707 0.000000000000 1
4.298670744000 0.000000000000 1
0.875606253856 0.000000000000 0
3.698544908831 0.000000000000 0
0.210485992857 0.000000000000 0
6.134353631347 0.685057522333 1
2.248771156474 0.000000000000 0
8.139326655077 0.000000000000 1
4.129902453275 2.532134458358 0
5.952109618837 0.771589038392 1
8.552734459316 0.000000000000 1
1.584271341763 0.000000000000 0
4.866498281572 0.000000000000 1
4.929519605434 0.000000000000 1
7.775609489171 0.000000000000 1
2.626492213487 0.000000000000 0
7.859229405504 0.000000000000 1
6.463601646211 0.000000000000 1
1.175466397338 0.000000000000 0
5.345054349498 0.000000000000 1
2.487294119602 0.000000000000 0
3.644881417262 0.835059510231 1
7.003908275887 0.000000000000 1
7.096354783483 0.000000000000 1
4.125426973279 1.122902281488 1
8.468974473187 0.365437288981 0
7.876700649616 1.947527733372 1
7.926810528169 0.000000000000 1
2.768217202303 0.000000000000 0
5.335789356815 1.395227555480 1
8.820406084053 0.000000000000 1
8.411755732308 0.000000000000 0
3.837251594839 0.000000000000 0
5.362655152392 0.000000000000 0
4.056781804617 0.057753958241 0
9.283249929656 0.000000000000 0
7.668360072383 1.351365311461 0
5.687868576923 0.000000000000 1
7.870341909682 0.000000000000 1
3.402618377192 0.000000000000 0
8.284361703173 0.000000000000 0
8.247921336366 1.966791094517 0
0.288236962928 0.000000000000 0
8.460886590025 0.000000000000 1
10.785641621608 2.671613698581 1
7.756912443174 0.000000000000 1
1.850457538539 0.000000000000 0
6.376530360221 0.000000000000 0
1.721905977308 0.000000000000 0
2.441786558946 0.000000000000 0
0.350630386625 0.926501856727 0
9.654669662930 0.000000000000 1
5.808208567743 0.000000000000 0
4.330709239122 0.548205879600 0
1.206005825202 0.352831011727 0
4.951099944154 1.891925500385 0
2.917820174748 0.000000000000 0
6.656938962455 0.000000000000 1
3.546645416979 0.433901412943 0
6.952316818172 0.057558348338 0
4.709704111834 0.179391388614 0
0.096251404732 0.000000000000 0
2.554797128653 0.000000000000 0
3.626664063652 0.489791281804 0
7.909537038427 0.000000000000 1
2.551365764806 0.000000000000 0
4.610501220999 1.311779405505 1
1.498508856521 0.000000000000 0
0.896375788428 0.000000000000 0
7.344643011871 1.037743272971 1
0.917657800798 1.289517351304 0
6.786462141120 0.000000000000 1
0.402898762189 0.000000000000 0
9.098018533671 0.000000000000 1
6.227718863401 0.000000000000 0
2.844187216072 0.000000000000 0
6.516890368890 0.000000000000 1
