0.000134227437250712  -0.166401892062276  0.166401892062276  0  0  0  0  0  0  0  0  0  0  0  0  0  0  0  0  0  0  0  0  0  0  0  0  0  0  0  0  0  0  0  0  0  0  0  0  0  0  0  0  0  0  0  0  0  0  0  0
0.000734627513387801  0  -0.378717941674404  0.378717941674404  0  0  0  0  0  0  0  0  0  0  0  0  0  0  0  0  0  0  0  0  0  0  0  0  0  0  0  0  0  0  0  0  0  0  0  0  0  0  0  0  0  0  0  0  0  0  0
0.000719251823997875  0  0  -0.745544569008053  0.745544569008053  0  0  0  0  0  0  0  0  0  0  0  0  0  0  0  0  0  0  0  0  0  0  0  0  0  0  0  0  0  0  0  0  0  0  0  0  0  0  0  0  0  0  0  0  0  0
0.000735902502224405  0  0  0  -0.554091320931912  0.554091320931912  0  0  0  0  0  0  0  0  0  0  0  0  0  0  0  0  0  0  0  0  0  0  0  0  0  0  0  0  0  0  0  0  0  0  0  0  0  0  0  0  0  0  0  0  0
0.00101631485192864  0  0  0  0  -0.237699063052424  0.237699063052424  0  0  0  0  0  0  0  0  0  0  0  0  0  0  0  0  0  0  0  0  0  0  0  0  0  0  0  0  0  0  0  0  0  0  0  0  0  0  0  0  0  0  0  0
0.000755889824287324  0  0  0  0  0  -0.553540139342655  0.553540139342655  0  0  0  0  0  0  0  0  0  0  0  0  0  0  0  0  0  0  0  0  0  0  0  0  0  0  0  0  0  0  0  0  0  0  0  0  0  0  0  0  0  0  0
1.12097871629071e-05  0  0  0  0  0  0  -0.54456483074464  0.54456483074464  0  0  0  0  0  0  0  0  0  0  0  0  0  0  0  0  0  0  0  0  0  0  0  0  0  0  0  0  0  0  0  0  0  0  0  0  0  0  0  0  0  0
0.000274527018101916  0  0  0  0  0  0  0  -0.776080177328552  0.776080177328552  0  0  0  0  0  0  0  0  0  0  0  0  0  0  0  0  0  0  0  0  0  0  0  0  0  0  0  0  0  0  0  0  0  0  0  0  0  0  0  0  0
0.000786315158316786  0  0  0  0  0  0  0  0  -0.257184841530399  0.257184841530399  0  0  0  0  0  0  0  0  0  0  0  0  0  0  0  0  0  0  0  0  0  0  0  0  0  0  0  0  0  0  0  0  0  0  0  0  0  0  0  0
0.000607076006017143  0  0  0  0  0  0  0  0  0  -0.863553169392986  0.863553169392986  0  0  0  0  0  0  0  0  0  0  0  0  0  0  0  0  0  0  0  0  0  0  0  0  0  0  0  0  0  0  0  0  0  0  0  0  0  0  0
0.000818787937201803  0  0  0  0  0  0  0  0  0  0  -0.878350448817951  0.878350448817951  0  0  0  0  0  0  0  0  0  0  0  0  0  0  0  0  0  0  0  0  0  0  0  0  0  0  0  0  0  0  0  0  0  0  0  0  0  0
0.00064334547844728  0  0  0  0  0  0  0  0  0  0  0  -0.137671547662467  0.137671547662467  0  0  0  0  0  0  0  0  0  0  0  0  0  0  0  0  0  0  0  0  0  0  0  0  0  0  0  0  0  0  0  0  0  0  0  0  0
0.000333768388426716  0  0  0  0  0  0  0  0  0  0  0  0  -0.385463939793409  0.385463939793409  0  0  0  0  0  0  0  0  0  0  0  0  0  0  0  0  0  0  0  0  0  0  0  0  0  0  0  0  0  0  0  0  0  0  0  0
0.0010901177778486  0  0  0  0  0  0  0  0  0  0  0  0  0  -0.112374945241027  0.112374945241027  0  0  0  0  0  0  0  0  0  0  0  0  0  0  0  0  0  0  0  0  0  0  0  0  0  0  0  0  0  0  0  0  0  0  0
0.000345080289631057  0  0  0  0  0  0  0  0  0  0  0  0  0  0  -0.315123154013417  0.315123154013417  0  0  0  0  0  0  0  0  0  0  0  0  0  0  0  0  0  0  0  0  0  0  0  0  0  0  0  0  0  0  0  0  0  0
0.000988431614302078  0  0  0  0  0  0  0  0  0  0  0  0  0  0  0  -0.735845155548307  0.735845155548307  0  0  0  0  0  0  0  0  0  0  0  0  0  0  0  0  0  0  0  0  0  0  0  0  0  0  0  0  0  0  0  0  0
0.000337887997741912  0  0  0  0  0  0  0  0  0  0  0  0  0  0  0  0  -0.377285281429069  0.377285281429069  0  0  0  0  0  0  0  0  0  0  0  0  0  0  0  0  0  0  0  0  0  0  0  0  0  0  0  0  0  0  0  0
0.000314983245389855  0  0  0  0  0  0  0  0  0  0  0  0  0  0  0  0  0  -0.557692809100256  0.557692809100256  0  0  0  0  0  0  0  0  0  0  0  0  0  0  0  0  0  0  0  0  0  0  0  0  0  0  0  0  0  0  0
0.000220427173155139  0  0  0  0  0  0  0  0  0  0  0  0  0  0  0  0  0  0  -0.146481957403012  0.146481957403012  0  0  0  0  0  0  0  0  0  0  0  0  0  0  0  0  0  0  0  0  0  0  0  0  0  0  0  0  0  0
0.000274143831530566  0  0  0  0  0  0  0  0  0  0  0  0  0  0  0  0  0  0  0  -0.60811285597738  0.60811285597738  0  0  0  0  0  0  0  0  0  0  0  0  0  0  0  0  0  0  0  0  0  0  0  0  0  0  0  0  0
0.000373762562842852  0  0  0  0  0  0  0  0  0  0  0  0  0  0  0  0  0  0  0  0  -0.209332168451511  0.209332168451511  0  0  0  0  0  0  0  0  0  0  0  0  0  0  0  0  0  0  0  0  0  0  0  0  0  0  0  0
0.000357331015484872  0  0  0  0  0  0  0  0  0  0  0  0  0  0  0  0  0  0  0  0  0  -0.903552743513137  0.903552743513137  0  0  0  0  0  0  0  0  0  0  0  0  0  0  0  0  0  0  0  0  0  0  0  0  0  0  0
0.000187754590022292  0  0  0  0  0  0  0  0  0  0  0  0  0  0  0  0  0  0  0  0  0  0  -0.113164530158974  0.113164530158974  0  0  0  0  0  0  0  0  0  0  0  0  0  0  0  0  0  0  0  0  0  0  0  0  0  0
4.72153783141988e-05  0  0  0  0  0  0  0  0  0  0  0  0  0  0  0  0  0  0  0  0  0  0  0  -0.804808993288315  0.804808993288315  0  0  0  0  0  0  0  0  0  0  0  0  0  0  0  0  0  0  0  0  0  0  0  0  0
0.000258293936159806  0  0  0  0  0  0  0  0  0  0  0  0  0  0  0  0  0  0  0  0  0  0  0  0  -0.180965199670754  0.180965199670754  0  0  0  0  0  0  0  0  0  0  0  0  0  0  0  0  0  0  0  0  0  0  0  0
0.000956915584912875  0  0  0  0  0  0  0  0  0  0  0  0  0  0  0  0  0  0  0  0  0  0  0  0  0  -0.567270982731131  0.567270982731131  0  0  0  0  0  0  0  0  0  0  0  0  0  0  0  0  0  0  0  0  0  0  0
0.000620588544028376  0  0  0  0  0  0  0  0  0  0  0  0  0  0  0  0  0  0  0  0  0  0  0  0  0  0  -0.44584001880139  0.44584001880139  0  0  0  0  0  0  0  0  0  0  0  0  0  0  0  0  0  0  0  0  0  0
0.00107975847139076  0  0  0  0  0  0  0  0  0  0  0  0  0  0  0  0  0  0  0  0  0  0  0  0  0  0  0  -0.163047247589566  0.163047247589566  0  0  0  0  0  0  0  0  0  0  0  0  0  0  0  0  0  0  0  0  0
0.000981406923780344  0  0  0  0  0  0  0  0  0  0  0  0  0  0  0  0  0  0  0  0  0  0  0  0  0  0  0  0  -0.388579979981295  0.388579979981295  0  0  0  0  0  0  0  0  0  0  0  0  0  0  0  0  0  0  0  0
5.40320213301632e-05  0  0  0  0  0  0  0  0  0  0  0  0  0  0  0  0  0  0  0  0  0  0  0  0  0  0  0  0  0  -0.701645857375112  0.701645857375112  0  0  0  0  0  0  0  0  0  0  0  0  0  0  0  0  0  0  0
0.000538418242117721  0  0  0  0  0  0  0  0  0  0  0  0  0  0  0  0  0  0  0  0  0  0  0  0  0  0  0  0  0  0  -0.933760428731331  0.933760428731331  0  0  0  0  0  0  0  0  0  0  0  0  0  0  0  0  0  0
0.000313054172684845  0  0  0  0  0  0  0  0  0  0  0  0  0  0  0  0  0  0  0  0  0  0  0  0  0  0  0  0  0  0  0  -0.524718749034223  0.524718749034223  0  0  0  0  0  0  0  0  0  0  0  0  0  0  0  0  0
0.000359667036761022  0  0  0  0  0  0  0  0  0  0  0  0  0  0  0  0  0  0  0  0  0  0  0  0  0  0  0  0  0  0  0  0  -0.22835380889013  0.22835380889013  0  0  0  0  0  0  0  0  0  0  0  0  0  0  0  0
0.000598878259569391  0  0  0  0  0  0  0  0  0  0  0  0  0  0  0  0  0  0  0  0  0  0  0  0  0  0  0  0  0  0  0  0  0  -0.589842779516506  0.589842779516506  0  0  0  0  0  0  0  0  0  0  0  0  0  0  0
0.000213784966120291  0  0  0  0  0  0  0  0  0  0  0  0  0  0  0  0  0  0  0  0  0  0  0  0  0  0  0  0  0  0  0  0  0  0  -0.276557186674618  0.276557186674618  0  0  0  0  0  0  0  0  0  0  0  0  0  0
0.000896794928111156  0  0  0  0  0  0  0  0  0  0  0  0  0  0  0  0  0  0  0  0  0  0  0  0  0  0  0  0  0  0  0  0  0  0  0  -0.908722440599395  0.908722440599395  0  0  0  0  0  0  0  0  0  0  0  0  0
0.000237574300202977  0  0  0  0  0  0  0  0  0  0  0  0  0  0  0  0  0  0  0  0  0  0  0  0  0  0  0  0  0  0  0  0  0  0  0  0  -0.450549807544311  0.450549807544311  0  0  0  0  0  0  0  0  0  0  0  0
0.000305526269926728  0  0  0  0  0  0  0  0  0  0  0  0  0  0  0  0  0  0  0  0  0  0  0  0  0  0  0  0  0  0  0  0  0  0  0  0  0  -0.379783720614843  0.379783720614843  0  0  0  0  0  0  0  0  0  0  0
0.0011712386484376  0  0  0  0  0  0  0  0  0  0  0  0  0  0  0  0  0  0  0  0  0  0  0  0  0  0  0  0  0  0  0  0  0  0  0  0  0  0  -0.244026067278551  0.244026067278551  0  0  0  0  0  0  0  0  0  0
0.00095308624834473  0  0  0  0  0  0  0  0  0  0  0  0  0  0  0  0  0  0  0  0  0  0  0  0  0  0  0  0  0  0  0  0  0  0  0  0  0  0  0  -0.906572574936836  0.906572574936836  0  0  0  0  0  0  0  0  0
0.00065322311948602  0  0  0  0  0  0  0  0  0  0  0  0  0  0  0  0  0  0  0  0  0  0  0  0  0  0  0  0  0  0  0  0  0  0  0  0  0  0  0  0  -0.249776704028534  0.249776704028534  0  0  0  0  0  0  0  0
0.000763261924637742  0  0  0  0  0  0  0  0  0  0  0  0  0  0  0  0  0  0  0  0  0  0  0  0  0  0  0  0  0  0  0  0  0  0  0  0  0  0  0  0  0  -0.910783851575355  0.910783851575355  0  0  0  0  0  0  0
0.000368486491872013  0  0  0  0  0  0  0  0  0  0  0  0  0  0  0  0  0  0  0  0  0  0  0  0  0  0  0  0  0  0  0  0  0  0  0  0  0  0  0  0  0  0  -0.22214390991675  0.22214390991675  0  0  0  0  0  0
0.000744341349320807  0  0  0  0  0  0  0  0  0  0  0  0  0  0  0  0  0  0  0  0  0  0  0  0  0  0  0  0  0  0  0  0  0  0  0  0  0  0  0  0  0  0  0  -0.240849852495856  0.240849852495856  0  0  0  0  0
0.000455612113829596  0  0  0  0  0  0  0  0  0  0  0  0  0  0  0  0  0  0  0  0  0  0  0  0  0  0  0  0  0  0  0  0  0  0  0  0  0  0  0  0  0  0  0  0  -0.44483487057329  0.44483487057329  0  0  0  0
0.00183016939972317  0  0  0  0  0  0  0  0  0  0  0  0  0  0  0  0  0  0  0  0  0  0  0  0  0  0  0  0  0  0  0  0  0  0  0  0  0  0  0  0  0  0  0  0  0  -2.17068350900195  2.17068350900195  0  0  0
0.00841890479217192  0  0  0  0  0  0  0  0  0  0  0  0  0  0  0  0  0  0  0  0  0  0  0  0  0  0  0  0  0  0  0  0  0  0  0  0  0  0  0  0  0  0  0  0  0  0  -3.08953297575827  3.08953297575827  0  0
0.0309061690204935  0  0  0  0  0  0  0  0  0  0  0  0  0  0  0  0  0  0  0  0  0  0  0  0  0  0  0  0  0  0  0  0  0  0  0  0  0  0  0  0  0  0  0  0  0  0  0  -3.49756860885224  3.49756860885224  0
0.166020688299248  0  0  0  0  0  0  0  0  0  0  0  0  0  0  0  0  0  0  0  0  0  0  0  0  0  0  0  0  0  0  0  0  0  0  0  0  0  0  0  0  0  0  0  0  0  0  0  0  -2.75806570665854  2.75806570665854
0.768191745732324  0  0  0  0  0  0  0  0  0  0  0  0  0  0  0  0  0  0  0  0  0  0  0  0  0  0  0  0  0  0  0  0  0  0  0  0  0  0  0  0  0  0  0  0  0  0  0  0  0  -1.11134421130978
