0.000137847673529795  -0.510482334182597  0.510482334182597  0  0  0  0  0  0  0  0  0  0  0  0  0  0  0  0  0  0  0  0  0  0  0  0  0  0  0  0
0.000754441086752912  0  -0.338668004679494  0.338668004679494  0  0  0  0  0  0  0  0  0  0  0  0  0  0  0  0  0  0  0  0  0  0  0  0  0  0  0
0.000738650701011145  0  0  -0.374204982724041  0.374204982724041  0  0  0  0  0  0  0  0  0  0  0  0  0  0  0  0  0  0  0  0  0  0  0  0  0  0
0.000755750463200104  0  0  0  -0.556576183065772  0.556576183065772  0  0  0  0  0  0  0  0  0  0  0  0  0  0  0  0  0  0  0  0  0  0  0  0  0
0.00104372578946334  0  0  0  0  -0.262986587453634  0.262986587453634  0  0  0  0  0  0  0  0  0  0  0  0  0  0  0  0  0  0  0  0  0  0  0  0
0.000776276861549782  0  0  0  0  0  -0.783703571907245  0.783703571907245  0  0  0  0  0  0  0  0  0  0  0  0  0  0  0  0  0  0  0  0  0  0  0
1.15121253360792e-05  0  0  0  0  0  0  -0.281123233865947  0.281123233865947  0  0  0  0  0  0  0  0  0  0  0  0  0  0  0  0  0  0  0  0  0  0
0.000281931261905399  0  0  0  0  0  0  0  -0.332928836788051  0.332928836788051  0  0  0  0  0  0  0  0  0  0  0  0  0  0  0  0  0  0  0  0  0
0.000807522794558949  0  0  0  0  0  0  0  0  -0.992935375776142  0.992935375776142  0  0  0  0  0  0  0  0  0  0  0  0  0  0  0  0  0  0  0  0
0.000623449399014575  0  0  0  0  0  0  0  0  0  -0.826617106283083  0.826617106283083  0  0  0  0  0  0  0  0  0  0  0  0  0  0  0  0  0  0  0
0.000840871393876881  0  0  0  0  0  0  0  0  0  0  -0.598000231664629  0.598000231664629  0  0  0  0  0  0  0  0  0  0  0  0  0  0  0  0  0  0
0.000660697092161754  0  0  0  0  0  0  0  0  0  0  0  -0.681765484670181  0.681765484670181  0  0  0  0  0  0  0  0  0  0  0  0  0  0  0  0  0
0.000342770425963483  0  0  0  0  0  0  0  0  0  0  0  0  -0.380641876370689  0.380641876370689  0  0  0  0  0  0  0  0  0  0  0  0  0  0  0  0
0.00111951924753918  0  0  0  0  0  0  0  0  0  0  0  0  0  -0.65963727831998  0.65963727831998  0  0  0  0  0  0  0  0  0  0  0  0  0  0  0
0.000354387419454032  0  0  0  0  0  0  0  0  0  0  0  0  0  0  -0.396793158180896  0.396793158180896  0  0  0  0  0  0  0  0  0  0  0  0  0  0
0.00101509051577393  0  0  0  0  0  0  0  0  0  0  0  0  0  0  0  -0.551797726098595  0.551797726098595  0  0  0  0  0  0  0  0  0  0  0  0  0
0.000347001146173332  0  0  0  0  0  0  0  0  0  0  0  0  0  0  0  0  -0.709385079669838  0.709385079669838  0  0  0  0  0  0  0  0  0  0  0  0
0.000323478643043278  0  0  0  0  0  0  0  0  0  0  0  0  0  0  0  0  0  -0.536492170984741  0.536492170984741  0  0  0  0  0  0  0  0  0  0  0
0.00022637240455319  0  0  0  0  0  0  0  0  0  0  0  0  0  0  0  0  0  0  -0.319536624825893  0.319536624825893  0  0  0  0  0  0  0  0  0  0
0.00028154025716188  0  0  0  0  0  0  0  0  0  0  0  0  0  0  0  0  0  0  0  -0.78892933560622  0.78892933560622  0  0  0  0  0  0  0  0  0
0.000383868291452611  0  0  0  0  0  0  0  0  0  0  0  0  0  0  0  0  0  0  0  0  -0.166498869537116  0.166498869537116  0  0  0  0  0  0  0  0
0.00036762484462025  0  0  0  0  0  0  0  0  0  0  0  0  0  0  0  0  0  0  0  0  0  -0.381633936558484  0.381633936558484  0  0  0  0  0  0  0
0.00019660783350643  0  0  0  0  0  0  0  0  0  0  0  0  0  0  0  0  0  0  0  0  0  0  -0.77675104377432  0.77675104377432  0  0  0  0  0  0
5.35540233040261e-05  0  0  0  0  0  0  0  0  0  0  0  0  0  0  0  0  0  0  0  0  0  0  0  -0.694482472370559  0.694482472370559  0  0  0  0  0
0.000435608027100635  0  0  0  0  0  0  0  0  0  0  0  0  0  0  0  0  0  0  0  0  0  0  0  0  -1.02321982236069  1.02321982236069  0  0  0  0
0.00893475651929046  0  0  0  0  0  0  0  0  0  0  0  0  0  0  0  0  0  0  0  0  0  0  0  0  0  -3.38574697279519  3.38574697279519  0  0  0
0.0309271989220295  0  0  0  0  0  0  0  0  0  0  0  0  0  0  0  0  0  0  0  0  0  0  0  0  0  0  -4.4030110782834  4.4030110782834  0  0
0.276831061398958  0  0  0  0  0  0  0  0  0  0  0  0  0  0  0  0  0  0  0  0  0  0  0  0  0  0  0  -4.11829797147988  4.11829797147988  0
0.635304803677979  0  0  0  0  0  0  0  0  0  0  0  0  0  0  0  0  0  0  0  0  0  0  0  0  0  0  0  0  -2.54971122930954  2.54971122930954
0.0351220797597362  0  0  0  0  0  0  0  0  0  0  0  0  0  0  0  0  0  0  0  0  0  0  0  0  0  0  0  0  0  -2.34275447339702
