0.000208406190120446  -0.510482334182597  0.510482334182597  0  0  0  0  0  0  0  0  0  0  0  0  0  0  0  0  0  0  0  0  0  0  0  0  0  0  0  0
0.0011406082419412  0  -0.338668004679493  0.338668004679493  0  0  0  0  0  0  0  0  0  0  0  0  0  0  0  0  0  0  0  0  0  0  0  0  0  0  0
0.00111673541152841  0  0  -0.374204982724041  0.374204982724041  0  0  0  0  0  0  0  0  0  0  0  0  0  0  0  0  0  0  0  0  0  0  0  0  0  0
0.00114258783397787  0  0  0  -0.556576183065773  0.556576183065773  0  0  0  0  0  0  0  0  0  0  0  0  0  0  0  0  0  0  0  0  0  0  0  0  0
0.00157796580633256  0  0  0  0  -0.262986587453634  0.262986587453634  0  0  0  0  0  0  0  0  0  0  0  0  0  0  0  0  0  0  0  0  0  0  0  0
0.00117362084576117  0  0  0  0  0  -0.783703571907244  0.783703571907244  0  0  0  0  0  0  0  0  0  0  0  0  0  0  0  0  0  0  0  0  0  0  0
1.74047056438915e-05  0  0  0  0  0  0  -0.281123233865947  0.281123233865947  0  0  0  0  0  0  0  0  0  0  0  0  0  0  0  0  0  0  0  0  0  0
0.000426240201702455  0  0  0  0  0  0  0  -0.332928836788051  0.332928836788051  0  0  0  0  0  0  0  0  0  0  0  0  0  0  0  0  0  0  0  0  0
0.00122086027816111  0  0  0  0  0  0  0  0  -0.992935375776145  0.992935375776145  0  0  0  0  0  0  0  0  0  0  0  0  0  0  0  0  0  0  0  0
0.000942567332871431  0  0  0  0  0  0  0  0  0  -0.826617106283097  0.826617106283097  0  0  0  0  0  0  0  0  0  0  0  0  0  0  0  0  0  0  0
0.0012712786446939  0  0  0  0  0  0  0  0  0  0  -0.598000231664743  0.598000231664743  0  0  0  0  0  0  0  0  0  0  0  0  0  0  0  0  0  0
0.000998880577926116  0  0  0  0  0  0  0  0  0  0  0  -0.681765484671453  0.681765484671453  0  0  0  0  0  0  0  0  0  0  0  0  0  0  0  0  0
0.000518220414841997  0  0  0  0  0  0  0  0  0  0  0  0  -0.380641876380694  0.380641876380694  0  0  0  0  0  0  0  0  0  0  0  0  0  0  0  0
0.00169255479763639  0  0  0  0  0  0  0  0  0  0  0  0  0  -0.659637278529481  0.659637278529481  0  0  0  0  0  0  0  0  0  0  0  0  0  0  0
0.000535783666886789  0  0  0  0  0  0  0  0  0  0  0  0  0  0  -0.396793159472883  0.396793159472883  0  0  0  0  0  0  0  0  0  0  0  0  0  0
0.00153467334288244  0  0  0  0  0  0  0  0  0  0  0  0  0  0  0  -0.551797747704846  0.551797747704846  0  0  0  0  0  0  0  0  0  0  0  0  0
0.000524616728746121  0  0  0  0  0  0  0  0  0  0  0  0  0  0  0  0  -0.70938523910029  0.70938523910029  0  0  0  0  0  0  0  0  0  0  0  0
0.000489054349030058  0  0  0  0  0  0  0  0  0  0  0  0  0  0  0  0  0  -0.536493219391123  0.536493219391123  0  0  0  0  0  0  0  0  0  0  0
0.00034224509539614  0  0  0  0  0  0  0  0  0  0  0  0  0  0  0  0  0  0  -0.31954445338105  0.31954445338105  0  0  0  0  0  0  0  0  0  0
0.000425676585672438  0  0  0  0  0  0  0  0  0  0  0  0  0  0  0  0  0  0  0  -0.789028516362046  0.789028516362046  0  0  0  0  0  0  0  0  0
0.0005805233910105  0  0  0  0  0  0  0  0  0  0  0  0  0  0  0  0  0  0  0  0  -0.166902075868134  0.166902075868134  0  0  0  0  0  0  0  0
0.000558273399728423  0  0  0  0  0  0  0  0  0  0  0  0  0  0  0  0  0  0  0  0  0  -0.388006251291172  0.388006251291172  0  0  0  0  0  0  0
0.00030509644219324  0  0  0  0  0  0  0  0  0  0  0  0  0  0  0  0  0  0  0  0  0  0  -0.812651294497018  0.812651294497018  0  0  0  0  0  0
8.66426352118256e-05  0  0  0  0  0  0  0  0  0  0  0  0  0  0  0  0  0  0  0  0  0  0  0  -0.791109745300227  0.791109745300227  0  0  0  0  0
0.000733276057412625  0  0  0  0  0  0  0  0  0  0  0  0  0  0  0  0  0  0  0  0  0  0  0  0  -1.079654632036  1.079654632036  0  0  0  0
0.0121036702898321  0  0  0  0  0  0  0  0  0  0  0  0  0  0  0  0  0  0  0  0  0  0  0  0  0  -2.80832571489938  2.80832571489938  0  0  0
0.0325831765532039  0  0  0  0  0  0  0  0  0  0  0  0  0  0  0  0  0  0  0  0  0  0  0  0  0  0  -3.6377691223243  3.6377691223243  0  0
0.253745986576316  0  0  0  0  0  0  0  0  0  0  0  0  0  0  0  0  0  0  0  0  0  0  0  0  0  0  0  -3.64912200174226  3.64912200174226  0
0.624127916698419  0  0  0  0  0  0  0  0  0  0  0  0  0  0  0  0  0  0  0  0  0  0  0  0  0  0  0  0  -2.44991628056444  2.44991628056444
0.0578754569049209  0  0  0  0  0  0  0  0  0  0  0  0  0  0  0  0  0  0  0  0  0  0  0  0  0  0  0  0  0  -2.30986182741662
