0.000140621721220484  -0.166401892062277  0.166401892062277  0  0  0  0  0  0  0  0  0  0  0  0  0  0  0  0  0  0  0  0  0  0  0  0  0  0  0  0  0  0  0  0  0  0  0  0  0  0  0  0  0  0  0  0  0  0  0  0
0.000769623465249971  0  -0.378717941674404  0.378717941674404  0  0  0  0  0  0  0  0  0  0  0  0  0  0  0  0  0  0  0  0  0  0  0  0  0  0  0  0  0  0  0  0  0  0  0  0  0  0  0  0  0  0  0  0  0  0  0
0.00075351531365855  0  0  -0.745544569008052  0.745544569008052  0  0  0  0  0  0  0  0  0  0  0  0  0  0  0  0  0  0  0  0  0  0  0  0  0  0  0  0  0  0  0  0  0  0  0  0  0  0  0  0  0  0  0  0  0  0
0.000770959191599316  0  0  0  -0.554091320931911  0.554091320931911  0  0  0  0  0  0  0  0  0  0  0  0  0  0  0  0  0  0  0  0  0  0  0  0  0  0  0  0  0  0  0  0  0  0  0  0  0  0  0  0  0  0  0  0  0
0.00106472973564418  0  0  0  0  -0.237699063052423  0.237699063052423  0  0  0  0  0  0  0  0  0  0  0  0  0  0  0  0  0  0  0  0  0  0  0  0  0  0  0  0  0  0  0  0  0  0  0  0  0  0  0  0  0  0  0  0
0.000791898663354458  0  0  0  0  0  -0.553540139342659  0.553540139342659  0  0  0  0  0  0  0  0  0  0  0  0  0  0  0  0  0  0  0  0  0  0  0  0  0  0  0  0  0  0  0  0  0  0  0  0  0  0  0  0  0  0  0
1.17437954389234e-05  0  0  0  0  0  0  -0.544564830744639  0.544564830744639  0  0  0  0  0  0  0  0  0  0  0  0  0  0  0  0  0  0  0  0  0  0  0  0  0  0  0  0  0  0  0  0  0  0  0  0  0  0  0  0  0  0
0.000287604848887284  0  0  0  0  0  0  0  -0.776080177328549  0.776080177328549  0  0  0  0  0  0  0  0  0  0  0  0  0  0  0  0  0  0  0  0  0  0  0  0  0  0  0  0  0  0  0  0  0  0  0  0  0  0  0  0  0
0.000823773389770784  0  0  0  0  0  0  0  0  -0.257184841530397  0.257184841530397  0  0  0  0  0  0  0  0  0  0  0  0  0  0  0  0  0  0  0  0  0  0  0  0  0  0  0  0  0  0  0  0  0  0  0  0  0  0  0  0
0.000635995699734147  0  0  0  0  0  0  0  0  0  -0.86355316939298  0.86355316939298  0  0  0  0  0  0  0  0  0  0  0  0  0  0  0  0  0  0  0  0  0  0  0  0  0  0  0  0  0  0  0  0  0  0  0  0  0  0  0
0.000857793096569579  0  0  0  0  0  0  0  0  0  0  -0.878350448817947  0.878350448817947  0  0  0  0  0  0  0  0  0  0  0  0  0  0  0  0  0  0  0  0  0  0  0  0  0  0  0  0  0  0  0  0  0  0  0  0  0  0
0.000673992965757764  0  0  0  0  0  0  0  0  0  0  0  -0.137671547662467  0.137671547662467  0  0  0  0  0  0  0  0  0  0  0  0  0  0  0  0  0  0  0  0  0  0  0  0  0  0  0  0  0  0  0  0  0  0  0  0  0
0.000349668340772132  0  0  0  0  0  0  0  0  0  0  0  0  -0.385463939793408  0.385463939793408  0  0  0  0  0  0  0  0  0  0  0  0  0  0  0  0  0  0  0  0  0  0  0  0  0  0  0  0  0  0  0  0  0  0  0  0
0.00114204846187888  0  0  0  0  0  0  0  0  0  0  0  0  0  -0.112374945241026  0.112374945241026  0  0  0  0  0  0  0  0  0  0  0  0  0  0  0  0  0  0  0  0  0  0  0  0  0  0  0  0  0  0  0  0  0  0  0
0.000361519114728722  0  0  0  0  0  0  0  0  0  0  0  0  0  0  -0.315123154013417  0.315123154013417  0  0  0  0  0  0  0  0  0  0  0  0  0  0  0  0  0  0  0  0  0  0  0  0  0  0  0  0  0  0  0  0  0  0
0.00103551820521078  0  0  0  0  0  0  0  0  0  0  0  0  0  0  0  -0.735845155548304  0.735845155548304  0  0  0  0  0  0  0  0  0  0  0  0  0  0  0  0  0  0  0  0  0  0  0  0  0  0  0  0  0  0  0  0  0
0.000353984198725796  0  0  0  0  0  0  0  0  0  0  0  0  0  0  0  0  -0.377285281429067  0.377285281429067  0  0  0  0  0  0  0  0  0  0  0  0  0  0  0  0  0  0  0  0  0  0  0  0  0  0  0  0  0  0  0  0
0.000329988317065187  0  0  0  0  0  0  0  0  0  0  0  0  0  0  0  0  0  -0.557692809100263  0.557692809100263  0  0  0  0  0  0  0  0  0  0  0  0  0  0  0  0  0  0  0  0  0  0  0  0  0  0  0  0  0  0  0
0.000230927812731349  0  0  0  0  0  0  0  0  0  0  0  0  0  0  0  0  0  0  -0.146481957403012  0.146481957403012  0  0  0  0  0  0  0  0  0  0  0  0  0  0  0  0  0  0  0  0  0  0  0  0  0  0  0  0  0  0
0.000287203408195906  0  0  0  0  0  0  0  0  0  0  0  0  0  0  0  0  0  0  0  -0.608112855977379  0.608112855977379  0  0  0  0  0  0  0  0  0  0  0  0  0  0  0  0  0  0  0  0  0  0  0  0  0  0  0  0  0
0.000391567744950463  0  0  0  0  0  0  0  0  0  0  0  0  0  0  0  0  0  0  0  0  -0.20933216845151  0.20933216845151  0  0  0  0  0  0  0  0  0  0  0  0  0  0  0  0  0  0  0  0  0  0  0  0  0  0  0  0
0.00037435343676488  0  0  0  0  0  0  0  0  0  0  0  0  0  0  0  0  0  0  0  0  0  -0.903552743513138  0.903552743513138  0  0  0  0  0  0  0  0  0  0  0  0  0  0  0  0  0  0  0  0  0  0  0  0  0  0  0
0.000196698783473502  0  0  0  0  0  0  0  0  0  0  0  0  0  0  0  0  0  0  0  0  0  0  -0.113164530158974  0.113164530158974  0  0  0  0  0  0  0  0  0  0  0  0  0  0  0  0  0  0  0  0  0  0  0  0  0  0
4.94646094912594e-05  0  0  0  0  0  0  0  0  0  0  0  0  0  0  0  0  0  0  0  0  0  0  0  -0.804808993288316  0.804808993288316  0  0  0  0  0  0  0  0  0  0  0  0  0  0  0  0  0  0  0  0  0  0  0  0  0
0.000270598460549936  0  0  0  0  0  0  0  0  0  0  0  0  0  0  0  0  0  0  0  0  0  0  0  0  -0.180965199670755  0.180965199670755  0  0  0  0  0  0  0  0  0  0  0  0  0  0  0  0  0  0  0  0  0  0  0  0
0.00100250082523602  0  0  0  0  0  0  0  0  0  0  0  0  0  0  0  0  0  0  0  0  0  0  0  0  0  -0.567270982731133  0.567270982731133  0  0  0  0  0  0  0  0  0  0  0  0  0  0  0  0  0  0  0  0  0  0  0
0.000650151943734007  0  0  0  0  0  0  0  0  0  0  0  0  0  0  0  0  0  0  0  0  0  0  0  0  0  0  -0.445840018801391  0.445840018801391  0  0  0  0  0  0  0  0  0  0  0  0  0  0  0  0  0  0  0  0  0  0
0.00113119566207438  0  0  0  0  0  0  0  0  0  0  0  0  0  0  0  0  0  0  0  0  0  0  0  0  0  0  0  -0.163047247589566  0.163047247589566  0  0  0  0  0  0  0  0  0  0  0  0  0  0  0  0  0  0  0  0  0
0.00102815887471591  0  0  0  0  0  0  0  0  0  0  0  0  0  0  0  0  0  0  0  0  0  0  0  0  0  0  0  0  -0.388579979981296  0.388579979981296  0  0  0  0  0  0  0  0  0  0  0  0  0  0  0  0  0  0  0  0
5.66059815794415e-05  0  0  0  0  0  0  0  0  0  0  0  0  0  0  0  0  0  0  0  0  0  0  0  0  0  0  0  0  0  -0.701645857375115  0.701645857375115  0  0  0  0  0  0  0  0  0  0  0  0  0  0  0  0  0  0  0
0.000564067239112098  0  0  0  0  0  0  0  0  0  0  0  0  0  0  0  0  0  0  0  0  0  0  0  0  0  0  0  0  0  0  -0.93376042873133  0.93376042873133  0  0  0  0  0  0  0  0  0  0  0  0  0  0  0  0  0  0
0.000327967347808127  0  0  0  0  0  0  0  0  0  0  0  0  0  0  0  0  0  0  0  0  0  0  0  0  0  0  0  0  0  0  0  -0.524718749034222  0.524718749034222  0  0  0  0  0  0  0  0  0  0  0  0  0  0  0  0  0
0.000376800740679704  0  0  0  0  0  0  0  0  0  0  0  0  0  0  0  0  0  0  0  0  0  0  0  0  0  0  0  0  0  0  0  0  -0.228353808890153  0.228353808890153  0  0  0  0  0  0  0  0  0  0  0  0  0  0  0  0
0.000627407431648379  0  0  0  0  0  0  0  0  0  0  0  0  0  0  0  0  0  0  0  0  0  0  0  0  0  0  0  0  0  0  0  0  0  -0.589842779517233  0.589842779517233  0  0  0  0  0  0  0  0  0  0  0  0  0  0  0
0.000223969186351043  0  0  0  0  0  0  0  0  0  0  0  0  0  0  0  0  0  0  0  0  0  0  0  0  0  0  0  0  0  0  0  0  0  0  -0.276557186679499  0.276557186679499  0  0  0  0  0  0  0  0  0  0  0  0  0  0
0.000939516159778758  0  0  0  0  0  0  0  0  0  0  0  0  0  0  0  0  0  0  0  0  0  0  0  0  0  0  0  0  0  0  0  0  0  0  0  -0.908722440739412  0.908722440739412  0  0  0  0  0  0  0  0  0  0  0  0  0
0.000248891789277842  0  0  0  0  0  0  0  0  0  0  0  0  0  0  0  0  0  0  0  0  0  0  0  0  0  0  0  0  0  0  0  0  0  0  0  0  -0.450549808037627  0.450549808037627  0  0  0  0  0  0  0  0  0  0  0  0
0.000320080834635999  0  0  0  0  0  0  0  0  0  0  0  0  0  0  0  0  0  0  0  0  0  0  0  0  0  0  0  0  0  0  0  0  0  0  0  0  0  -0.379783726083577  0.379783726083577  0  0  0  0  0  0  0  0  0  0  0
0.00122703379875399  0  0  0  0  0  0  0  0  0  0  0  0  0  0  0  0  0  0  0  0  0  0  0  0  0  0  0  0  0  0  0  0  0  0  0  0  0  0  -0.244026130194283  0.244026130194283  0  0  0  0  0  0  0  0  0  0
0.000998489688920839  0  0  0  0  0  0  0  0  0  0  0  0  0  0  0  0  0  0  0  0  0  0  0  0  0  0  0  0  0  0  0  0  0  0  0  0  0  0  0  -0.906573487686949  0.906573487686949  0  0  0  0  0  0  0  0  0
0.000684342803201996  0  0  0  0  0  0  0  0  0  0  0  0  0  0  0  0  0  0  0  0  0  0  0  0  0  0  0  0  0  0  0  0  0  0  0  0  0  0  0  0  -0.249779139293145  0.249779139293145  0  0  0  0  0  0  0  0
0.000799640802041723  0  0  0  0  0  0  0  0  0  0  0  0  0  0  0  0  0  0  0  0  0  0  0  0  0  0  0  0  0  0  0  0  0  0  0  0  0  0  0  0  0  -0.910810453553188  0.910810453553188  0  0  0  0  0  0  0
0.000386065906875643  0  0  0  0  0  0  0  0  0  0  0  0  0  0  0  0  0  0  0  0  0  0  0  0  0  0  0  0  0  0  0  0  0  0  0  0  0  0  0  0  0  0  -0.222170644538228  0.222170644538228  0  0  0  0  0  0
0.000780113993122165  0  0  0  0  0  0  0  0  0  0  0  0  0  0  0  0  0  0  0  0  0  0  0  0  0  0  0  0  0  0  0  0  0  0  0  0  0  0  0  0  0  0  0  -0.240652164646677  0.240652164646677  0  0  0  0  0
0.000477550423824252  0  0  0  0  0  0  0  0  0  0  0  0  0  0  0  0  0  0  0  0  0  0  0  0  0  0  0  0  0  0  0  0  0  0  0  0  0  0  0  0  0  0  0  0  -0.436294701787245  0.436294701787245  0  0  0  0
0.0019019525159315  0  0  0  0  0  0  0  0  0  0  0  0  0  0  0  0  0  0  0  0  0  0  0  0  0  0  0  0  0  0  0  0  0  0  0  0  0  0  0  0  0  0  0  0  0  -2.13231086735062  2.13231086735062  0  0  0
0.00864015405570128  0  0  0  0  0  0  0  0  0  0  0  0  0  0  0  0  0  0  0  0  0  0  0  0  0  0  0  0  0  0  0  0  0  0  0  0  0  0  0  0  0  0  0  0  0  0  -3.03686451731491  3.03686451731491  0  0
0.0313230085279656  0  0  0  0  0  0  0  0  0  0  0  0  0  0  0  0  0  0  0  0  0  0  0  0  0  0  0  0  0  0  0  0  0  0  0  0  0  0  0  0  0  0  0  0  0  0  0  -3.44050345757354  3.44050345757354  0
0.165916847144499  0  0  0  0  0  0  0  0  0  0  0  0  0  0  0  0  0  0  0  0  0  0  0  0  0  0  0  0  0  0  0  0  0  0  0  0  0  0  0  0  0  0  0  0  0  0  0  0  -2.71719154723172  2.71719154723172
0.766411693541106  0  0  0  0  0  0  0  0  0  0  0  0  0  0  0  0  0  0  0  0  0  0  0  0  0  0  0  0  0  0  0  0  0  0  0  0  0  0  0  0  0  0  0  0  0  0  0  0  0  -1.10155634907047
