0.000555912174606132  -0.384951209346777  0.384951209346777  0  0  0  0  0  0  0  0  0  0  0  0  0  0  0  0  0  0
0.00304251043495793  0  -0.372424033656929  0.372424033656929  0  0  0  0  0  0  0  0  0  0  0  0  0  0  0  0  0
0.00297883095854741  0  0  -0.24314140261  0.24314140261  0  0  0  0  0  0  0  0  0  0  0  0  0  0  0  0
0.00304779088916688  0  0  0  -0.135996326317341  0.135996326317341  0  0  0  0  0  0  0  0  0  0  0  0  0  0  0
0.00420913795262505  0  0  0  0  -0.296919589790437  0.296919589790437  0  0  0  0  0  0  0  0  0  0  0  0  0  0
0.00313056984946193  0  0  0  0  0  -0.829538746010083  0.829538746010083  0  0  0  0  0  0  0  0  0  0  0  0  0
4.6426113422755e-05  0  0  0  0  0  0  -0.573127961594996  0.573127961594996  0  0  0  0  0  0  0  0  0  0  0  0
0.00113697402398972  0  0  0  0  0  0  0  -0.923194485432287  0.923194485432287  0  0  0  0  0  0  0  0  0  0  0
0.00325659806307547  0  0  0  0  0  0  0  0  -0.848220765050989  0.848220765050989  0  0  0  0  0  0  0  0  0  0
0.00251431668256479  0  0  0  0  0  0  0  0  0  -0.141234209013656  0.141234209013656  0  0  0  0  0  0  0  0  0
0.00339295304449168  0  0  0  0  0  0  0  0  0  0  -0.511379553588168  0.511379553588168  0  0  0  0  0  0  0  0
0.00267261137273869  0  0  0  0  0  0  0  0  0  0  0  -0.343466721978196  0.343466721978196  0  0  0  0  0  0  0
0.00141120959109542  0  0  0  0  0  0  0  0  0  0  0  0  -0.407251212893095  0.407251212893095  0  0  0  0  0  0
0.00503663975800403  0  0  0  0  0  0  0  0  0  0  0  0  0  -0.720145540949832  0.720145540949832  0  0  0  0  0
0.00205380111564269  0  0  0  0  0  0  0  0  0  0  0  0  0  0  -0.840888107245852  0.840888107245852  0  0  0  0
0.0160899328652853  0  0  0  0  0  0  0  0  0  0  0  0  0  0  0  -2.45533147752194  2.45533147752194  0  0  0
0.0159642162219485  0  0  0  0  0  0  0  0  0  0  0  0  0  0  0  0  -3.09851783818799  3.09851783818799  0  0
0.10864819424572  0  0  0  0  0  0  0  0  0  0  0  0  0  0  0  0  0  -3.77679216419746  3.77679216419746  0
0.415004584326655  0  0  0  0  0  0  0  0  0  0  0  0  0  0  0  0  0  0  -3.13462783811905  3.13462783811905
0.405806790316001  0  0  0  0  0  0  0  0  0  0  0  0  0  0  0  0  0  0  0  -1.51917245468628
