0.000315725662324239  -0.384951209346765  0.384951209346765  0  0  0  0  0  0  0  0  0  0  0  0  0  0  0  0  0  0
0.00172796831241552  0  -0.372424033656736  0.372424033656736  0  0  0  0  0  0  0  0  0  0  0  0  0  0  0  0  0
0.00169180208727024  0  0  -0.243141402607152  0.243141402607152  0  0  0  0  0  0  0  0  0  0  0  0  0  0  0  0
0.0017309673020733  0  0  0  -0.135996326253236  0.135996326253236  0  0  0  0  0  0  0  0  0  0  0  0  0  0  0
0.00239054463380072  0  0  0  0  -0.296919587281614  0.296919587281614  0  0  0  0  0  0  0  0  0  0  0  0  0  0
0.00177798087600776  0  0  0  0  0  -0.829538704845855  0.829538704845855  0  0  0  0  0  0  0  0  0  0  0  0  0
2.63673184778102e-05  0  0  0  0  0  0  -0.573127817250296  0.573127817250296  0  0  0  0  0  0  0  0  0  0  0  0
0.000645734218282505  0  0  0  0  0  0  0  -0.923192823140797  0.923192823140797  0  0  0  0  0  0  0  0  0  0  0
0.00184954938849338  0  0  0  0  0  0  0  0  -0.848213373007868  0.848213373007868  0  0  0  0  0  0  0  0  0  0
0.00142795866770978  0  0  0  0  0  0  0  0  0  -0.141206005727884  0.141206005727884  0  0  0  0  0  0  0  0  0
0.00192640168908599  0  0  0  0  0  0  0  0  0  0  -0.510892786678575  0.510892786678575  0  0  0  0  0  0  0  0
0.00151600559258769  0  0  0  0  0  0  0  0  0  0  0  -0.341442847154381  0.341442847154381  0  0  0  0  0  0  0
0.000798739656446931  0  0  0  0  0  0  0  0  0  0  0  0  -0.400354892861952  0.400354892861952  0  0  0  0  0  0
0.0029140677260651  0  0  0  0  0  0  0  0  0  0  0  0  0  -0.764459536045171  0.764459536045171  0  0  0  0  0
0.00137265633528984  0  0  0  0  0  0  0  0  0  0  0  0  0  0  -1.06505173640754  1.06505173640754  0  0  0  0
0.0170580283369488  0  0  0  0  0  0  0  0  0  0  0  0  0  0  0  -3.24893501196912  3.24893501196912  0  0  0
0.0197193141782137  0  0  0  0  0  0  0  0  0  0  0  0  0  0  0  0  -3.79308204979251  3.79308204979251  0  0
0.131377006385595  0  0  0  0  0  0  0  0  0  0  0  0  0  0  0  0  0  -3.77820722412953  3.77820722412953  0
0.436363811888111  0  0  0  0  0  0  0  0  0  0  0  0  0  0  0  0  0  0  -2.88767011258533  2.88767011258533
0.3733693697448  0  0  0  0  0  0  0  0  0  0  0  0  0  0  0  0  0  0  0  -1.47088285655118
