0.000215686050006543  -0.384951209346764  0.384951209346764  0  0  0  0  0  0  0  0  0  0  0  0  0  0  0  0  0  0
0.00118045095573708  0  -0.372424033656717  0.372424033656717  0  0  0  0  0  0  0  0  0  0  0  0  0  0  0  0  0
0.00115574422082084  0  0  -0.243141402606858  0.243141402606858  0  0  0  0  0  0  0  0  0  0  0  0  0  0  0  0
0.00118249969712426  0  0  0  -0.135996326245566  0.135996326245566  0  0  0  0  0  0  0  0  0  0  0  0  0  0  0
0.00163308590603445  0  0  0  0  -0.296919586919279  0.296919586919279  0  0  0  0  0  0  0  0  0  0  0  0  0  0
0.00121461672678305  0  0  0  0  0  -0.829538697628256  0.829538697628256  0  0  0  0  0  0  0  0  0  0  0  0  0
1.80126714000246e-05  0  0  0  0  0  0  -0.573127793649817  0.573127793649817  0  0  0  0  0  0  0  0  0  0  0  0
0.000441129258669696  0  0  0  0  0  0  0  -0.923192401689013  0.923192401689013  0  0  0  0  0  0  0  0  0  0  0
0.00126350657152891  0  0  0  0  0  0  0  0  -0.848210960943546  0.848210960943546  0  0  0  0  0  0  0  0  0  0
0.000975493961450223  0  0  0  0  0  0  0  0  0  -0.141195716882751  0.141195716882751  0  0  0  0  0  0  0  0  0
0.00131577162233904  0  0  0  0  0  0  0  0  0  0  -0.510596574195627  0.510596574195627  0  0  0  0  0  0  0  0
0.00103443689843621  0  0  0  0  0  0  0  0  0  0  0  -0.339681347097472  0.339681347097472  0  0  0  0  0  0  0
0.000540691720283254  0  0  0  0  0  0  0  0  0  0  0  0  -0.386876698380995  0.386876698380995  0  0  0  0  0  0
0.00189579484512932  0  0  0  0  0  0  0  0  0  0  0  0  0  -0.692510422154287  0.692510422154287  0  0  0  0  0
0.000842062336548615  0  0  0  0  0  0  0  0  0  0  0  0  0  0  -0.921810262983326  0.921810262983326  0  0  0  0
0.0119514390507098  0  0  0  0  0  0  0  0  0  0  0  0  0  0  0  -3.57137279423476  3.57137279423476  0  0  0
0.0168979336596683  0  0  0  0  0  0  0  0  0  0  0  0  0  0  0  0  -4.33414038666733  4.33414038666733  0  0
0.138813489290157  0  0  0  0  0  0  0  0  0  0  0  0  0  0  0  0  0  -4.27533772952054  4.27533772952054  0
0.482738055309552  0  0  0  0  0  0  0  0  0  0  0  0  0  0  0  0  0  0  -3.03510307187099  3.03510307187099
0.334690099247622  0  0  0  0  0  0  0  0  0  0  0  0  0  0  0  0  0  0  0  -1.51814445955356
