0.000313140501502477  -0.384951209346767  0.384951209346767  0  0  0  0  0  0  0  0  0  0  0  0  0  0  0  0  0  0
0.00171381971280659  0  -0.372424033656773  0.372424033656773  0  0  0  0  0  0  0  0  0  0  0  0  0  0  0  0  0
0.00167794961661014  0  0  -0.243141402607701  0.243141402607701  0  0  0  0  0  0  0  0  0  0  0  0  0  0  0  0
0.00171679414675975  0  0  0  -0.135996326265182  0.135996326265182  0  0  0  0  0  0  0  0  0  0  0  0  0  0  0
0.00237097086185623  0  0  0  0  -0.29691958773326  0.29691958773326  0  0  0  0  0  0  0  0  0  0  0  0  0  0
0.00176342278152326  0  0  0  0  0  -0.829538711948976  0.829538711948976  0  0  0  0  0  0  0  0  0  0  0  0  0
2.61514235980128e-05  0  0  0  0  0  0  -0.573127841091298  0.573127841091298  0  0  0  0  0  0  0  0  0  0  0  0
0.000640447058185237  0  0  0  0  0  0  0  -0.923193081756793  0.923193081756793  0  0  0  0  0  0  0  0  0  0  0
0.00183440660527513  0  0  0  0  0  0  0  0  -0.848214451749331  0.848214451749331  0  0  0  0  0  0  0  0  0  0
0.00141627062600454  0  0  0  0  0  0  0  0  0  -0.141209886247621  0.141209886247621  0  0  0  0  0  0  0  0  0
0.00191071557422515  0  0  0  0  0  0  0  0  0  0  -0.510949539118176  0.510949539118176  0  0  0  0  0  0  0  0
0.00150385477318241  0  0  0  0  0  0  0  0  0  0  0  -0.34163668541388  0.34163668541388  0  0  0  0  0  0  0
0.00079256834304241  0  0  0  0  0  0  0  0  0  0  0  0  -0.400537803151934  0.400537803151934  0  0  0  0  0  0
0.00288362086099063  0  0  0  0  0  0  0  0  0  0  0  0  0  -0.752500751714999  0.752500751714999  0  0  0  0  0
0.00133703978982381  0  0  0  0  0  0  0  0  0  0  0  0  0  0  -1.01716830713615  1.01716830713615  0  0  0  0
0.0161672277427175  0  0  0  0  0  0  0  0  0  0  0  0  0  0  0  -3.13244121760007  3.13244121760007  0  0  0
0.0188456081707691  0  0  0  0  0  0  0  0  0  0  0  0  0  0  0  0  -3.68498274354276  3.68498274354276  0  0
0.129332295549357  0  0  0  0  0  0  0  0  0  0  0  0  0  0  0  0  0  -3.74999559473767  3.74999559473767  0
0.438195637910364  0  0  0  0  0  0  0  0  0  0  0  0  0  0  0  0  0  0  -2.899496561804  2.899496561804
0.375558057951407  0  0  0  0  0  0  0  0  0  0  0  0  0  0  0  0  0  0  0  -1.46977228425865
