0.000232548662579531  -0.166401892062277  0.166401892062277  0  0  0  0  0  0  0  0  0  0  0  0  0  0  0  0  0  0  0  0  0  0  0  0  0  0  0  0  0  0  0  0  0  0  0  0  0  0  0  0  0  0  0  0  0  0  0  0
0.00127274012848332  0  -0.378717941674404  0.378717941674404  0  0  0  0  0  0  0  0  0  0  0  0  0  0  0  0  0  0  0  0  0  0  0  0  0  0  0  0  0  0  0  0  0  0  0  0  0  0  0  0  0  0  0  0  0  0  0
0.00124610178928009  0  0  -0.745544569008052  0.745544569008052  0  0  0  0  0  0  0  0  0  0  0  0  0  0  0  0  0  0  0  0  0  0  0  0  0  0  0  0  0  0  0  0  0  0  0  0  0  0  0  0  0  0  0  0  0  0
0.00127494904310488  0  0  0  -0.554091320931912  0.554091320931912  0  0  0  0  0  0  0  0  0  0  0  0  0  0  0  0  0  0  0  0  0  0  0  0  0  0  0  0  0  0  0  0  0  0  0  0  0  0  0  0  0  0  0  0  0
0.00176076266087294  0  0  0  0  -0.237699063052423  0.237699063052423  0  0  0  0  0  0  0  0  0  0  0  0  0  0  0  0  0  0  0  0  0  0  0  0  0  0  0  0  0  0  0  0  0  0  0  0  0  0  0  0  0  0  0  0
0.00130957702311762  0  0  0  0  0  -0.553540139342658  0.553540139342658  0  0  0  0  0  0  0  0  0  0  0  0  0  0  0  0  0  0  0  0  0  0  0  0  0  0  0  0  0  0  0  0  0  0  0  0  0  0  0  0  0  0  0
1.94209251545657e-05  0  0  0  0  0  0  -0.544564830744639  0.544564830744639  0  0  0  0  0  0  0  0  0  0  0  0  0  0  0  0  0  0  0  0  0  0  0  0  0  0  0  0  0  0  0  0  0  0  0  0  0  0  0  0  0  0
0.000475617297097793  0  0  0  0  0  0  0  -0.776080177328549  0.776080177328549  0  0  0  0  0  0  0  0  0  0  0  0  0  0  0  0  0  0  0  0  0  0  0  0  0  0  0  0  0  0  0  0  0  0  0  0  0  0  0  0  0
0.00136228882989875  0  0  0  0  0  0  0  0  -0.257184841530398  0.257184841530398  0  0  0  0  0  0  0  0  0  0  0  0  0  0  0  0  0  0  0  0  0  0  0  0  0  0  0  0  0  0  0  0  0  0  0  0  0  0  0  0
0.00105175749589647  0  0  0  0  0  0  0  0  0  -0.863553169392981  0.863553169392981  0  0  0  0  0  0  0  0  0  0  0  0  0  0  0  0  0  0  0  0  0  0  0  0  0  0  0  0  0  0  0  0  0  0  0  0  0  0  0
0.00141854782921084  0  0  0  0  0  0  0  0  0  0  -0.878350448817946  0.878350448817946  0  0  0  0  0  0  0  0  0  0  0  0  0  0  0  0  0  0  0  0  0  0  0  0  0  0  0  0  0  0  0  0  0  0  0  0  0  0
0.00111459425624032  0  0  0  0  0  0  0  0  0  0  0  -0.137671547662467  0.137671547662467  0  0  0  0  0  0  0  0  0  0  0  0  0  0  0  0  0  0  0  0  0  0  0  0  0  0  0  0  0  0  0  0  0  0  0  0  0
0.000578252806801215  0  0  0  0  0  0  0  0  0  0  0  0  -0.385463939793408  0.385463939793408  0  0  0  0  0  0  0  0  0  0  0  0  0  0  0  0  0  0  0  0  0  0  0  0  0  0  0  0  0  0  0  0  0  0  0  0
0.00188862602523925  0  0  0  0  0  0  0  0  0  0  0  0  0  -0.112374945241027  0.112374945241027  0  0  0  0  0  0  0  0  0  0  0  0  0  0  0  0  0  0  0  0  0  0  0  0  0  0  0  0  0  0  0  0  0  0  0
0.000597850644249216  0  0  0  0  0  0  0  0  0  0  0  0  0  0  -0.315123154013418  0.315123154013418  0  0  0  0  0  0  0  0  0  0  0  0  0  0  0  0  0  0  0  0  0  0  0  0  0  0  0  0  0  0  0  0  0  0
0.00171245502905596  0  0  0  0  0  0  0  0  0  0  0  0  0  0  0  -0.735845155548304  0.735845155548304  0  0  0  0  0  0  0  0  0  0  0  0  0  0  0  0  0  0  0  0  0  0  0  0  0  0  0  0  0  0  0  0  0
0.000585390018508602  0  0  0  0  0  0  0  0  0  0  0  0  0  0  0  0  -0.377285281429068  0.377285281429068  0  0  0  0  0  0  0  0  0  0  0  0  0  0  0  0  0  0  0  0  0  0  0  0  0  0  0  0  0  0  0  0
0.000545707598615292  0  0  0  0  0  0  0  0  0  0  0  0  0  0  0  0  0  -0.557692809100263  0.557692809100263  0  0  0  0  0  0  0  0  0  0  0  0  0  0  0  0  0  0  0  0  0  0  0  0  0  0  0  0  0  0  0
0.000381889465844974  0  0  0  0  0  0  0  0  0  0  0  0  0  0  0  0  0  0  -0.146481957403012  0.146481957403012  0  0  0  0  0  0  0  0  0  0  0  0  0  0  0  0  0  0  0  0  0  0  0  0  0  0  0  0  0  0
0.000474953427426203  0  0  0  0  0  0  0  0  0  0  0  0  0  0  0  0  0  0  0  -0.608112855977379  0.608112855977379  0  0  0  0  0  0  0  0  0  0  0  0  0  0  0  0  0  0  0  0  0  0  0  0  0  0  0  0  0
0.00064754260300043  0  0  0  0  0  0  0  0  0  0  0  0  0  0  0  0  0  0  0  0  -0.20933216845151  0.20933216845151  0  0  0  0  0  0  0  0  0  0  0  0  0  0  0  0  0  0  0  0  0  0  0  0  0  0  0  0
0.000619074992797361  0  0  0  0  0  0  0  0  0  0  0  0  0  0  0  0  0  0  0  0  0  -0.903552743513137  0.903552743513137  0  0  0  0  0  0  0  0  0  0  0  0  0  0  0  0  0  0  0  0  0  0  0  0  0  0  0
0.000325284306227937  0  0  0  0  0  0  0  0  0  0  0  0  0  0  0  0  0  0  0  0  0  0  -0.113164530158974  0.113164530158974  0  0  0  0  0  0  0  0  0  0  0  0  0  0  0  0  0  0  0  0  0  0  0  0  0  0
8.18005119150505e-05  0  0  0  0  0  0  0  0  0  0  0  0  0  0  0  0  0  0  0  0  0  0  0  -0.804808993288315  0.804808993288315  0  0  0  0  0  0  0  0  0  0  0  0  0  0  0  0  0  0  0  0  0  0  0  0  0
0.000447493527677009  0  0  0  0  0  0  0  0  0  0  0  0  0  0  0  0  0  0  0  0  0  0  0  0  -0.180965199670754  0.180965199670754  0  0  0  0  0  0  0  0  0  0  0  0  0  0  0  0  0  0  0  0  0  0  0  0
0.00165785359559056  0  0  0  0  0  0  0  0  0  0  0  0  0  0  0  0  0  0  0  0  0  0  0  0  0  -0.567270982731134  0.567270982731134  0  0  0  0  0  0  0  0  0  0  0  0  0  0  0  0  0  0  0  0  0  0  0
0.00107516793050604  0  0  0  0  0  0  0  0  0  0  0  0  0  0  0  0  0  0  0  0  0  0  0  0  0  0  -0.445840018801392  0.445840018801392  0  0  0  0  0  0  0  0  0  0  0  0  0  0  0  0  0  0  0  0  0  0
0.00187067855554625  0  0  0  0  0  0  0  0  0  0  0  0  0  0  0  0  0  0  0  0  0  0  0  0  0  0  0  -0.163047247589566  0.163047247589566  0  0  0  0  0  0  0  0  0  0  0  0  0  0  0  0  0  0  0  0  0
0.00170028477221932  0  0  0  0  0  0  0  0  0  0  0  0  0  0  0  0  0  0  0  0  0  0  0  0  0  0  0  0  -0.388579979981296  0.388579979981296  0  0  0  0  0  0  0  0  0  0  0  0  0  0  0  0  0  0  0  0
9.3610327025233e-05  0  0  0  0  0  0  0  0  0  0  0  0  0  0  0  0  0  0  0  0  0  0  0  0  0  0  0  0  0  -0.701645857375116  0.701645857375116  0  0  0  0  0  0  0  0  0  0  0  0  0  0  0  0  0  0  0
0.000932808110453845  0  0  0  0  0  0  0  0  0  0  0  0  0  0  0  0  0  0  0  0  0  0  0  0  0  0  0  0  0  0  -0.933760428731333  0.933760428731333  0  0  0  0  0  0  0  0  0  0  0  0  0  0  0  0  0  0
0.000542365485506708  0  0  0  0  0  0  0  0  0  0  0  0  0  0  0  0  0  0  0  0  0  0  0  0  0  0  0  0  0  0  0  -0.524718749034245  0.524718749034245  0  0  0  0  0  0  0  0  0  0  0  0  0  0  0  0  0
0.00062312214317637  0  0  0  0  0  0  0  0  0  0  0  0  0  0  0  0  0  0  0  0  0  0  0  0  0  0  0  0  0  0  0  0  -0.228353808890433  0.228353808890433  0  0  0  0  0  0  0  0  0  0  0  0  0  0  0  0
0.00103755492292828  0  0  0  0  0  0  0  0  0  0  0  0  0  0  0  0  0  0  0  0  0  0  0  0  0  0  0  0  0  0  0  0  0  -0.589842779525371  0.589842779525371  0  0  0  0  0  0  0  0  0  0  0  0  0  0  0
0.000370381860605759  0  0  0  0  0  0  0  0  0  0  0  0  0  0  0  0  0  0  0  0  0  0  0  0  0  0  0  0  0  0  0  0  0  0  -0.276557186739656  0.276557186739656  0  0  0  0  0  0  0  0  0  0  0  0  0  0
0.00155369472581546  0  0  0  0  0  0  0  0  0  0  0  0  0  0  0  0  0  0  0  0  0  0  0  0  0  0  0  0  0  0  0  0  0  0  0  -0.908722442156818  0.908722442156818  0  0  0  0  0  0  0  0  0  0  0  0  0
0.000411596817815356  0  0  0  0  0  0  0  0  0  0  0  0  0  0  0  0  0  0  0  0  0  0  0  0  0  0  0  0  0  0  0  0  0  0  0  0  -0.450549813893277  0.450549813893277  0  0  0  0  0  0  0  0  0  0  0  0
0.000529323438340493  0  0  0  0  0  0  0  0  0  0  0  0  0  0  0  0  0  0  0  0  0  0  0  0  0  0  0  0  0  0  0  0  0  0  0  0  0  -0.379783788822925  0.379783788822925  0  0  0  0  0  0  0  0  0  0  0
0.00202916859287138  0  0  0  0  0  0  0  0  0  0  0  0  0  0  0  0  0  0  0  0  0  0  0  0  0  0  0  0  0  0  0  0  0  0  0  0  0  0  -0.244026777715823  0.244026777715823  0  0  0  0  0  0  0  0  0  0
0.00165122850414698  0  0  0  0  0  0  0  0  0  0  0  0  0  0  0  0  0  0  0  0  0  0  0  0  0  0  0  0  0  0  0  0  0  0  0  0  0  0  0  -0.906581882568957  0.906581882568957  0  0  0  0  0  0  0  0  0
0.00113172988650146  0  0  0  0  0  0  0  0  0  0  0  0  0  0  0  0  0  0  0  0  0  0  0  0  0  0  0  0  0  0  0  0  0  0  0  0  0  0  0  0  -0.249808705953948  0.249808705953948  0  0  0  0  0  0  0  0
0.00132256716876167  0  0  0  0  0  0  0  0  0  0  0  0  0  0  0  0  0  0  0  0  0  0  0  0  0  0  0  0  0  0  0  0  0  0  0  0  0  0  0  0  0  -0.911033470130059  0.911033470130059  0  0  0  0  0  0  0
0.000638610362458812  0  0  0  0  0  0  0  0  0  0  0  0  0  0  0  0  0  0  0  0  0  0  0  0  0  0  0  0  0  0  0  0  0  0  0  0  0  0  0  0  0  0  -0.22283095770745  0.22283095770745  0  0  0  0  0  0
0.00128867194489933  0  0  0  0  0  0  0  0  0  0  0  0  0  0  0  0  0  0  0  0  0  0  0  0  0  0  0  0  0  0  0  0  0  0  0  0  0  0  0  0  0  0  0  -0.239722186707886  0.239722186707886  0  0  0  0  0
0.00075398920400108  0  0  0  0  0  0  0  0  0  0  0  0  0  0  0  0  0  0  0  0  0  0  0  0  0  0  0  0  0  0  0  0  0  0  0  0  0  0  0  0  0  0  0  0  -0.375055328180953  0.375055328180953  0  0  0  0
0.00212515739826637  0  0  0  0  0  0  0  0  0  0  0  0  0  0  0  0  0  0  0  0  0  0  0  0  0  0  0  0  0  0  0  0  0  0  0  0  0  0  0  0  0  0  0  0  0  -1.55497493300794  1.55497493300794  0  0  0
0.00738919178084841  0  0  0  0  0  0  0  0  0  0  0  0  0  0  0  0  0  0  0  0  0  0  0  0  0  0  0  0  0  0  0  0  0  0  0  0  0  0  0  0  0  0  0  0  0  0  -2.39012785525344  2.39012785525344  0  0
0.0249063504403074  0  0  0  0  0  0  0  0  0  0  0  0  0  0  0  0  0  0  0  0  0  0  0  0  0  0  0  0  0  0  0  0  0  0  0  0  0  0  0  0  0  0  0  0  0  0  0  -3.19335347935053  3.19335347935053  0
0.144340415759723  0  0  0  0  0  0  0  0  0  0  0  0  0  0  0  0  0  0  0  0  0  0  0  0  0  0  0  0  0  0  0  0  0  0  0  0  0  0  0  0  0  0  0  0  0  0  0  0  -2.92179114197489  2.92179114197489
0.778599249373388  0  0  0  0  0  0  0  0  0  0  0  0  0  0  0  0  0  0  0  0  0  0  0  0  0  0  0  0  0  0  0  0  0  0  0  0  0  0  0  0  0  0  0  0  0  0  0  0  0  -1.16838117039242
