0.000210211962119225  -0.510482334182597  0.510482334182597  0  0  0  0  0  0  0  0  0  0  0  0  0  0  0  0  0  0  0  0  0  0  0  0  0  0  0  0
0.00115049124217111  0  -0.338668004679494  0.338668004679494  0  0  0  0  0  0  0  0  0  0  0  0  0  0  0  0  0  0  0  0  0  0  0  0  0  0  0
0.00112641156143076  0  0  -0.374204982724041  0.374204982724041  0  0  0  0  0  0  0  0  0  0  0  0  0  0  0  0  0  0  0  0  0  0  0  0  0  0
0.00115248798673029  0  0  0  -0.556576183065771  0.556576183065771  0  0  0  0  0  0  0  0  0  0  0  0  0  0  0  0  0  0  0  0  0  0  0  0  0
0.00159163836791271  0  0  0  0  -0.262986587453634  0.262986587453634  0  0  0  0  0  0  0  0  0  0  0  0  0  0  0  0  0  0  0  0  0  0  0  0
0.00118378988948887  0  0  0  0  0  -0.783703571907243  0.783703571907243  0  0  0  0  0  0  0  0  0  0  0  0  0  0  0  0  0  0  0  0  0  0  0
1.75555117695665e-05  0  0  0  0  0  0  -0.281123233865947  0.281123233865947  0  0  0  0  0  0  0  0  0  0  0  0  0  0  0  0  0  0  0  0  0  0
0.000429933434713162  0  0  0  0  0  0  0  -0.332928836788051  0.332928836788051  0  0  0  0  0  0  0  0  0  0  0  0  0  0  0  0  0  0  0  0  0
0.00123143863623891  0  0  0  0  0  0  0  0  -0.99293537577614  0.99293537577614  0  0  0  0  0  0  0  0  0  0  0  0  0  0  0  0  0  0  0  0
0.000950734372898789  0  0  0  0  0  0  0  0  0  -0.826617106283087  0.826617106283087  0  0  0  0  0  0  0  0  0  0  0  0  0  0  0  0  0  0  0
0.00128229386155426  0  0  0  0  0  0  0  0  0  0  -0.598000231664653  0.598000231664653  0  0  0  0  0  0  0  0  0  0  0  0  0  0  0  0  0  0
0.00100753555394464  0  0  0  0  0  0  0  0  0  0  0  -0.681765484670523  0.681765484670523  0  0  0  0  0  0  0  0  0  0  0  0  0  0  0  0  0
0.000522710626544103  0  0  0  0  0  0  0  0  0  0  0  0  -0.380641876373642  0.380641876373642  0  0  0  0  0  0  0  0  0  0  0  0  0  0  0  0
0.00170722023549072  0  0  0  0  0  0  0  0  0  0  0  0  0  -0.659637278391964  0.659637278391964  0  0  0  0  0  0  0  0  0  0  0  0  0  0  0
0.000540426058099366  0  0  0  0  0  0  0  0  0  0  0  0  0  0  -0.396793158656095  0.396793158656095  0  0  0  0  0  0  0  0  0  0  0  0  0  0
0.00154797077681285  0  0  0  0  0  0  0  0  0  0  0  0  0  0  0  -0.551797735377248  0.551797735377248  0  0  0  0  0  0  0  0  0  0  0  0  0
0.000529162328364291  0  0  0  0  0  0  0  0  0  0  0  0  0  0  0  0  -0.709385154346242  0.709385154346242  0  0  0  0  0  0  0  0  0  0  0  0
0.000493291660745658  0  0  0  0  0  0  0  0  0  0  0  0  0  0  0  0  0  -0.536492717314914  0.536492717314914  0  0  0  0  0  0  0  0  0  0  0
0.000345209674891839  0  0  0  0  0  0  0  0  0  0  0  0  0  0  0  0  0  0  -0.319541135977904  0.319541135977904  0  0  0  0  0  0  0  0  0  0
0.000429355112860046  0  0  0  0  0  0  0  0  0  0  0  0  0  0  0  0  0  0  0  -0.788996026528835  0.788996026528835  0  0  0  0  0  0  0  0  0
0.000585503884483514  0  0  0  0  0  0  0  0  0  0  0  0  0  0  0  0  0  0  0  0  -0.166787660471563  0.166787660471563  0  0  0  0  0  0  0  0
0.000562580048972007  0  0  0  0  0  0  0  0  0  0  0  0  0  0  0  0  0  0  0  0  0  -0.386851801026672  0.386851801026672  0  0  0  0  0  0  0
0.000306673129252426  0  0  0  0  0  0  0  0  0  0  0  0  0  0  0  0  0  0  0  0  0  0  -0.809406963168666  0.809406963168666  0  0  0  0  0  0
8.70547505307148e-05  0  0  0  0  0  0  0  0  0  0  0  0  0  0  0  0  0  0  0  0  0  0  0  -0.784664505100254  0.784664505100254  0  0  0  0  0
0.000746227564071302  0  0  0  0  0  0  0  0  0  0  0  0  0  0  0  0  0  0  0  0  0  0  0  0  -1.12326862899873  1.12326862899873  0  0  0  0
0.0126206353525646  0  0  0  0  0  0  0  0  0  0  0  0  0  0  0  0  0  0  0  0  0  0  0  0  0  -2.92224332871046  2.92224332871046  0  0  0
0.0335936379522168  0  0  0  0  0  0  0  0  0  0  0  0  0  0  0  0  0  0  0  0  0  0  0  0  0  0  -3.72390342490911  3.72390342490911  0  0
0.255884917379995  0  0  0  0  0  0  0  0  0  0  0  0  0  0  0  0  0  0  0  0  0  0  0  0  0  0  0  -3.65906490701987  3.65906490701987  0
0.618604773459739  0  0  0  0  0  0  0  0  0  0  0  0  0  0  0  0  0  0  0  0  0  0  0  0  0  0  0  0  -2.43745629863334  2.43745629863334
0.0595581276233951  0  0  0  0  0  0  0  0  0  0  0  0  0  0  0  0  0  0  0  0  0  0  0  0  0  0  0  0  0  -2.30585346512918
