0.000665613281404922  -0.724558405561451  0.724558405561451  0  0  0  0  0  0  0  0
0.00364601502052841  0  -0.592242351233013  0.592242351233013  0  0  0  0  0  0  0
0.00358891075460835  0  0  -0.364412246758655  0.364412246758655  0  0  0  0  0  0
0.00385285321645696  0  0  0  -1.02087222588928  1.02087222588928  0  0  0  0  0
0.00604164343333639  0  0  0  0  -0.646471885496396  0.646471885496396  0  0  0  0
0.00894855985430305  0  0  0  0  0  -2.1127003213189  2.1127003213189  0  0  0
0.000304733381802915  0  0  0  0  0  0  -2.89653806509128  2.89653806509128  0  0
0.0313973455503113  0  0  0  0  0  0  0  -3.25512897979983  3.25512897979983  0
0.362014083447614  0  0  0  0  0  0  0  0  -2.5414435323243  2.5414435323243
0.579540242059634  0  0  0  0  0  0  0  0  0  -1.24872351040804
