0.000660383191587433  -0.724595637682045  0.724595637682045  0  0  0  0  0  0  0  0
0.00361759862089013  0  -0.592322011148604  0.592322011148604  0  0  0  0  0  0  0
0.00356129645068685  0  0  -0.364434177544645  0.364434177544645  0  0  0  0  0  0
0.00381933024550244  0  0  0  -1.01610336175884  1.01610336175884  0  0  0  0  0
0.00595539808957646  0  0  0  0  -0.628099287470567  0.628099287470567  0  0  0  0
0.00859758095871508  0  0  0  0  0  -2.03103241048567  2.03103241048567  0  0  0
0.000289233534885739  0  0  0  0  0  0  -2.77869451620035  2.77869451620035  0  0
0.0302548812240873  0  0  0  0  0  0  0  -3.19456486532539  3.19456486532539  0
0.359994610665676  0  0  0  0  0  0  0  0  -2.54116182061349  2.54116182061349
0.583249687018393  0  0  0  0  0  0  0  0  0  -1.24890767449408
