0.00116718323760642  -0.724861402804312  0.724861402804312  0  0  0  0  0  0  0  0
0.00639606655264235  0  -0.593114233265251  0.593114233265251  0  0  0  0  0  0  0
0.0062991992818681  0  0  -0.366322164755311  0.366322164755311  0  0  0  0  0  0
0.00670080640610833  0  0  0  -1.00235187929824  1.00235187929824  0  0  0  0  0
0.0100144029597043  0  0  0  0  -0.558095848223019  0.558095848223019  0  0  0  0
0.0113647062959114  0  0  0  0  0  -1.62661664897187  1.62661664897187  0  0  0
0.000307306162728984  0  0  0  0  0  0  -2.16387769175035  2.16387769175035  0  0
0.0271140169258922  0  0  0  0  0  0  0  -2.91283180816439  2.91283180816439  0
0.333196574994946  0  0  0  0  0  0  0  0  -2.65995858931363  2.65995858931363
0.597439737182592  0  0  0  0  0  0  0  0  0  -1.31379506432113
