0.000458216500444951  -0.724326451992205  0.724326451992205  0  0  0  0  0  0  0  0
0.00250863032245258  0  -0.591143644649538  0.591143644649538  0  0  0  0  0  0  0
0.00246255668567344  0  0  -0.359261239444142  0.359261239444142  0  0  0  0  0  0
0.00259635029034638  0  0  0  -0.988599361049734  0.988599361049734  0  0  0  0  0
0.00397060512972303  0  0  0  0  -0.582750786930527  0.582750786930527  0  0  0  0
0.00584638815678533  0  0  0  0  0  -2.14179801023085  2.14179801023085  0  0  0
0.00022629099722072  0  0  0  0  0  0  -3.14044149695722  3.14044149695722  0  0
0.0301673370383262  0  0  0  0  0  0  0  -3.65086198062787  3.65086198062787  0
0.392965407605453  0  0  0  0  0  0  0  0  -2.75722881754919  2.75722881754919
0.558798217273574  0  0  0  0  0  0  0  0  0  -1.28192942086038
