0.000377010943213863  -0.510482334182597  0.510482334182597  0  0  0  0  0  0  0  0  0  0  0  0  0  0  0  0  0  0  0  0  0  0  0  0  0  0  0  0
0.00206338299684492  0  -0.338668004679494  0.338668004679494  0  0  0  0  0  0  0  0  0  0  0  0  0  0  0  0  0  0  0  0  0  0  0  0  0  0  0
0.00202019657178764  0  0  -0.374204982724041  0.374204982724041  0  0  0  0  0  0  0  0  0  0  0  0  0  0  0  0  0  0  0  0  0  0  0  0  0  0
0.00206696411821416  0  0  0  -0.556576183065772  0.556576183065772  0  0  0  0  0  0  0  0  0  0  0  0  0  0  0  0  0  0  0  0  0  0  0  0  0
0.00285457153005312  0  0  0  0  -0.262986587453634  0.262986587453634  0  0  0  0  0  0  0  0  0  0  0  0  0  0  0  0  0  0  0  0  0  0  0  0
0.00212310345378969  0  0  0  0  0  -0.783703571907245  0.783703571907245  0  0  0  0  0  0  0  0  0  0  0  0  0  0  0  0  0  0  0  0  0  0  0
3.14854586966485e-05  0  0  0  0  0  0  -0.281123233865947  0.281123233865947  0  0  0  0  0  0  0  0  0  0  0  0  0  0  0  0  0  0  0  0  0  0
0.000771077002974992  0  0  0  0  0  0  0  -0.332928836788051  0.332928836788051  0  0  0  0  0  0  0  0  0  0  0  0  0  0  0  0  0  0  0  0  0
0.00220856052661319  0  0  0  0  0  0  0  0  -0.992935375776153  0.992935375776153  0  0  0  0  0  0  0  0  0  0  0  0  0  0  0  0  0  0  0  0
0.00170512305322155  0  0  0  0  0  0  0  0  0  -0.826617106283148  0.826617106283148  0  0  0  0  0  0  0  0  0  0  0  0  0  0  0  0  0  0  0
0.00229976835451399  0  0  0  0  0  0  0  0  0  0  -0.598000231665186  0.598000231665186  0  0  0  0  0  0  0  0  0  0  0  0  0  0  0  0  0  0
0.00180699483362522  0  0  0  0  0  0  0  0  0  0  0  -0.681765484676313  0.681765484676313  0  0  0  0  0  0  0  0  0  0  0  0  0  0  0  0  0
0.000937471038097468  0  0  0  0  0  0  0  0  0  0  0  0  -0.380641876418999  0.380641876418999  0  0  0  0  0  0  0  0  0  0  0  0  0  0  0  0
0.00306186529590797  0  0  0  0  0  0  0  0  0  0  0  0  0  -0.659637279285662  0.659637279285662  0  0  0  0  0  0  0  0  0  0  0  0  0  0  0
0.000969243313952237  0  0  0  0  0  0  0  0  0  0  0  0  0  0  -0.396793164189237  0.396793164189237  0  0  0  0  0  0  0  0  0  0  0  0  0  0
0.00277625472803303  0  0  0  0  0  0  0  0  0  0  0  0  0  0  0  -0.55179782102241  0.55179782102241  0  0  0  0  0  0  0  0  0  0  0  0  0
0.00094904245257314  0  0  0  0  0  0  0  0  0  0  0  0  0  0  0  0  -0.709385768341357  0.709385768341357  0  0  0  0  0  0  0  0  0  0  0  0
0.0008847110606483  0  0  0  0  0  0  0  0  0  0  0  0  0  0  0  0  0  -0.536496504131295  0.536496504131295  0  0  0  0  0  0  0  0  0  0  0
0.000619138001586981  0  0  0  0  0  0  0  0  0  0  0  0  0  0  0  0  0  0  -0.319567281001372  0.319567281001372  0  0  0  0  0  0  0  0  0  0
0.000770174986893572  0  0  0  0  0  0  0  0  0  0  0  0  0  0  0  0  0  0  0  -0.789270729769159  0.789270729769159  0  0  0  0  0  0  0  0  0
0.00105079860414068  0  0  0  0  0  0  0  0  0  0  0  0  0  0  0  0  0  0  0  0  -0.167807688703089  0.167807688703089  0  0  0  0  0  0  0  0
0.00101693401007043  0  0  0  0  0  0  0  0  0  0  0  0  0  0  0  0  0  0  0  0  0  -0.39863026296836  0.39863026296836  0  0  0  0  0  0  0
0.000566488232203764  0  0  0  0  0  0  0  0  0  0  0  0  0  0  0  0  0  0  0  0  0  0  -0.852349737585679  0.852349737585679  0  0  0  0  0  0
0.000161044710548095  0  0  0  0  0  0  0  0  0  0  0  0  0  0  0  0  0  0  0  0  0  0  0  -0.878465169868615  0.878465169868615  0  0  0  0  0
0.00121252925561566  0  0  0  0  0  0  0  0  0  0  0  0  0  0  0  0  0  0  0  0  0  0  0  0  -0.921666036668502  0.921666036668502  0  0  0  0
0.0129120715599013  0  0  0  0  0  0  0  0  0  0  0  0  0  0  0  0  0  0  0  0  0  0  0  0  0  -2.09697467092095  2.09697467092095  0  0  0
0.0289440906200734  0  0  0  0  0  0  0  0  0  0  0  0  0  0  0  0  0  0  0  0  0  0  0  0  0  0  -3.14024915578181  3.14024915578181  0  0
0.230361938748866  0  0  0  0  0  0  0  0  0  0  0  0  0  0  0  0  0  0  0  0  0  0  0  0  0  0  0  -3.75792636473965  3.75792636473965  0
0.625820793493718  0  0  0  0  0  0  0  0  0  0  0  0  0  0  0  0  0  0  0  0  0  0  0  0  0  0  0  0  -2.65169196284259  2.65169196284259
0.0666571710436215  0  0  0  0  0  0  0  0  0  0  0  0  0  0  0  0  0  0  0  0  0  0  0  0  0  0  0  0  0  -2.43365749408658
