0.00896568374791271  -9.4381736907797  0.276255296197655  0.300459304692662  0.152319251544032  0.0373582486238676  0.18353622995878  0.804841416658317  0.430535030964486  0.837380242158619  0.740904321356055  0.0437336468576759  0.434528139539193  0.278604639178413  0.252747140879706  0.511969892674498  0.160255169785245  0.705511506922186  0.199701687142978  0.219098753600799  0.887249175519707
0.0735475642102788  0.836157277217949  -10.046852868551  0.579822824186274  0.664420193364518  0.319655722436157  0.61338351781418  0.340300703079355  0.489869411250343  0.683621550847087  0.48865354887955  0.2515329358907  0.787869394037394  0.0782929223936817  0.304365569103176  0.749423388538439  0.508784910421011  0.155495848320204  0.524913918071785  0.48959804979979  0.750384652315686
0.0528140622154217  0.174460440048677  0.778203421281509  -8.38995273156728  0.841394221963985  0.0401887258495478  0.283648227578588  0.0136553757675376  0.210221907604812  0.666560807253799  0.286692195698858  0.494965065344851  0.0501458513436077  0.584299342275882  0.10782121434675  0.898930074158448  0.0135670425046266  0.746957563535698  0.0896944012789632  0.467604541618281  0.356788681357366
0.0574028563244762  0.0717439948528008  0.3036660392096  0.686331705689931  -8.94284308522061  0.915633062919331  0.436468963493096  0.145251298226765  0.495506334443106  0.190592721586887  0.862485659749158  0.389807331847474  0.310389004723897  0.16952358193526  0.823093221290619  0.17176762293536  0.861937530130637  0.13161717603577  0.13467064208803  0.0980430114995944  0.489536605220424
0.0867532182650269  0.310438774801873  0.0256270926458863  0.321350422908986  0.750476856566014  -6.69625559605346  0.0332281185964398  0.581266992255002  0.258561673462717  0.20072796312039  0.129958371116798  0.329683118511332  0.1566059922836  0.138988397973276  0.405425599312233  0.0402963084110495  0.691500707986618  0.100047144000744  0.982626092851601  0.114918115998954  0.212666918218561
0.0828069802018099  0.97223377348512  0.962042524434276  0.30034788301172  0.130074416268182  0.835276885458811  -11.8042120265954  0.789541228217478  0.90453553726109  1.0257984896923  0.967061047788231  0.513510350154609  0.298843162817789  0.275418448282308  0.501087438636981  0.534225923037363  0.326835089221982  0.99948611399395  0.678491793001645  0.128092673749998  0.430818727591893
0.000761072126455841  0.920608469478492  0.414474145895982  0.909478787935358  0.578216148287495  0.597142273290051  0.741829660231719  -12.6106932423924  0.419332533704625  0.911469365570259  0.293239830054021  0.464840021881919  0.343740437266754  0.66263450893207  0.626358145967169  0.575221074140232  0.880999426681667  0.541858555109284  0.439271456054855  0.196844394784358  0.0744285637048978
0.0313842668290379  0.993033981644967  0.247153378502162  1.15380206477911  0.681658308819861  1.1107546184563  0.383241861896742  0.644668789131386  -11.276490370206  0.468792085342126  0.616712352309224  0.489617766363352  0.253888385392663  0.103555243980851  0.644764967910774  0.508406231655988  0.077535956926314  0.88599154359953  0.378915420127408  0.778617789056238  0.625095278564776
0.0678803822355154  0.745079988698617  0.416724138248479  0.362587221203835  0.780850479936312  0.43131162439884  0.534810408979631  0.121454696393066  0.284438231139578  -10.2802186265871  0.473315627586825  0.355076705931413  0.617166886165642  0.0827161430892039  0.90559407720848  0.0235454529992928  0.830200563393393  0.638584357683997  0.326040507273714  0.712653971835729  0.629159497398968
0.057791486522304  1.03910812319119  0.126949424431705  0.931855790845301  0.835464808566465  0.841373603507213  0.810549451629079  0.763800423138185  0.941772019721636  0.643863301094873  -13.0051232783224  0.682861694448091  0.544911752874637  0.342395568458724  0.741774128499119  0.555937597437498  0.731719980584344  0.312453960985302  0.424385090518722  0.199619065228038  0.979622116444031
0.0654768584403907  0.575002152587502  0.268432190269036  0.189033947776517  0.756672996520364  0.561588204716068  0.875964894115077  0.645334087724395  0.649846093132352  0.467202772486952  0.822916709015408  -10.1017168247396  0.421432577873065  0.0328054843902825  0.241227766999335  0.342634118615576  0.129094153267151  0.491357478303034  0.815756095699275  0.318710191940833  0.489921195447152
0.0516415411812049  0.502563139147281  0.7656532359172  0.580051347193686  0.106712236971013  0.802170114368031  0.534956081987726  0.21470695829615  0.69796568878738  0.300275053070689  0.475176115727631  0.991782100075881  -11.3038610665172  0.443472840016834  0.229303924164591  0.222442186846816  0.66826117731963  0.966362442733177  0.485831513920389  0.73391501857849  0.554386556927329
0.0203178094231112  0.927641125763951  0.687375273953246  0.509035442679409  0.553553860802467  0.240471727923619  0.233813946294111  0.0621073114651662  0.461948460501848  0.234709422013307  0.00288067484151807  0.546487386546879  0.48081886603826  -9.27153289606303  0.699993062757179  0.0286026842028904  0.52372519584847  0.243199155213706  0.115235062957057  0.0849138503041215  0.657046349579841
0.12270471639251  0.0164319918349866  0.0500641571874082  0.782209238958336  0.367683682234996  0.781855165016311  0.376794456104001  0.820883481284444  0.0255195180926327  0.514123582154709  0.835458774674286  0.56309290826416  0.27521190854118  0.362324281232625  -9.55115123948993  0.383754791693902  0.43773542233254  0.937151762523612  0.814761990795173  0.742385841482919  0.282463387806971
0.0232409620651236  0.453070472016505  0.25827363507746  0.689752956252257  0.789216889534674  0.619731292052005  0.360740159662484  0.938193134919743  0.208170675751798  0.565385418745034  0.691928397777535  0.666801398737456  0.1106742068652  0.655933958550659  0.267312630457213  -12.0023575503255  0.320875529045509  0.922012286816683  0.532616599690346  0.390350189970185  0.866058346683283
0.0972181374374146  0.465027223581832  0.189029527167272  1.03086126860559  0.559200578901088  0.781719878166295  0.893422436197512  0.698424261268944  0.394043997490465  0.408157072062896  0.145969813768584  0.201158977570547  0.196233521660489  0.430083818588504  0.339321034137364  0.86515573662519  -9.65919232243785  0.200013973566391  0.890625530297083  0.390375091444341  0.151839103361317
0.0283067561013706  0.358795408724591  0.35027043280951  0.451430587347661  0.190921627991339  0.662430575585306  0.851369804866091  0.771430671940958  0.800314514044172  0.942146003402879  0.189052900892268  0.484017071515541  0.394346245996445  0.412311235441124  0.0255441666686455  0.991676117045825  0.396436880592012  -11.1644547506063  1.0074338824125  0.253694354908754  0.501436803652014
0.0224828289535778  0.981074905757892  0.336946274866441  0.311218327041148  0.0333061814341131  0.639860472061197  0.815836634681552  0.0448444603130777  0.174952566722426  0.699829684757511  0.120879707858556  0.690112488661696  0.969921948025439  0.983848088224584  0.520942444919978  0.739541852822876  0.4488741065405  0.731424553845102  -11.2345021783261  0.00280760117717821  0.515929223131614
0.0237943284260942  0.515018443633097  0.336789065655925  0.936597620485326  1.0651264673248  0.708658679948947  0.231907636127592  0.911739888115395  0.706372702665582  1.02874489105842  0.274905115129496  0.957647201189476  0.530355705790984  0.355452944889724  0.389280197713783  0.857908604498004  0.104169062159417  0.448725325713511  0.735167515375239  -11.6762089501309  0.305449832219819
0.0247084889009627  0.226690874209353  0.00210638782156052  0.118311256995438  0.228231621840685  0.119851985400198  0.651685771524512  0.211361309856439  0.914449462061416  0.967080666734784  0.691196824670888  0.785043063433976  0.775056803549105  0.750755170771637  0.156932186699762  1.02544872790814  0.561181933771298  0.554778015559756  0.0206409016284775  0.350345432340306  -10.1796531250121
