0.0292759049718849  -6.16759826185616  1.31110177358196  0.724561909792866  0.352634749762414  0.96588335786576  0.409712414646676  1.17773803014899  0.323145404224649  0.454191787356896  0.149952635756347
0.0809131442096459  0.135280321486791  -4.16319825276615  0.233421594302119  0.211659098675696  0.0953893692392525  0.0308763539387228  0.171802675486363  0.521714384053126  0.481013986422665  0.435427284145557
0.118451228059478  0.676246303955114  0.059628133557255  -4.35949788461499  0.43739156715215  0.222159749695114  0.31950610345244  0.531892142920693  0.159823269286343  0.916655071913168  0.136363337680058
0.135723892404255  0.222771352686999  1.30094220451372  0.835764078509719  -5.7656547913159  0.489556297624038  0.701575715125162  0.335930751256165  0.573547798558863  0.404033606158655  0.364448130264363
0.21474315420389  0.66062738676884  0.666257479043389  0.276611591915439  0.848325375286676  -4.67758779238911  0.0877190082249172  0.361059910231841  0.735421489181044  0.656784027767141  0.128298495047499
0.127806921604115  0.404444711246629  0.591118390048899  0.717426449295943  0.161537093072537  0.697679042389622  -4.55122234146872  0.860390796700549  0.0358273991014776  0.355973610115057  0.00934252673593251
0.00169261306865076  0.156578189422997  1.00714906783541  0.286247438592975  0.434219431319608  0.0356693002492427  0.553605632904424  -5.27277964897609  0.0931458405306628  1.11932944627589  0.0074323187631479
0.05027626221997  0.700905992722459  0.14561962039798  0.604560959803225  0.422085026072848  0.0652290294063199  0.392791489733154  0.823289537194996  -5.67073460465103  1.36033349872827  0.342375203828241
0.099919644546498  0.0904037983632624  0.595311152665694  0.157944365692341  0.686110954380611  0.254887818259268  0.262436599527627  0.136722901177965  0.628092202328983  -4.47781439640875  0.0862249519656273
0.141197234711612  1.0597286141245  0.236172511793939  0.185406468014958  0.143851020885637  0.621741828342708  0.444667138919758  0.0386909040432757  0.388338679406356  1.22563300573522  -4.46716074389983
