0.00961183104503692  -9.41669879202411  0.284589883621168  0.302647143096636  0.15465057996106  0.0380505891844738  0.189880683875573  0.808828690268577  0.446435634440789  0.855345237242954  0.759307758412992  0.0444106866602351  0.441512159151355  0.277465778321693  0.262527623071155  0.513808283045351  0.164688198125235  0.716896268211902  0.201033766766081  0.226088846149945  0.90644672977565
0.0721392737427744  0.835212496861186  -10.0610884772768  0.578528002274625  0.664951052431515  0.319391884329202  0.613101612091877  0.340530190357171  0.489738624241136  0.684382885637806  0.48820220138102  0.251401690681989  0.787627749238084  0.0781534311581415  0.304535934501572  0.748921298813181  0.508245974024565  0.155408332663922  0.524280188737288  0.489013396457012  0.750840798765658
0.054835567648876  0.173831057523347  0.788091288732813  -8.39177613369409  0.846150674738261  0.0404465750658873  0.287755177697898  0.0136548304965793  0.213504007796883  0.67246330484858  0.289411724946786  0.497507164865831  0.0504247281665503  0.580939290937738  0.109669058725149  0.897831694470922  0.0137151505956593  0.750803410170563  0.0897041999668598  0.473552233893207  0.359802074618008
0.05851615811017  0.0711565553683403  0.305441154701111  0.682729529362719  -8.92620055784771  0.915998561831693  0.439636624262831  0.144543215331458  0.499584820148487  0.191117114744887  0.865051706909578  0.38956164172077  0.310315501001189  0.167815222155434  0.831050373627446  0.170726252391849  0.865535314923792  0.131531104794986  0.133996083393308  0.0985972218636878  0.490664820504583
0.0875567363372741  0.308033358738363  0.0257563936085503  0.319649993022888  0.750321584130052  -6.67635837088596  0.0334383152404083  0.578609039809367  0.260442004896227  0.201201245828545  0.130264384307777  0.329377291561329  0.156520756496381  0.137652149736237  0.408913390213251  0.040060858282503  0.693859578089002  0.0999591719898527  0.977769241960976  0.115469240509642  0.213083757275145
0.0806074999443995  0.968737861048724  0.961981012209039  0.299100261667794  0.129984020211497  0.833736701900878  -11.793988321089  0.788301097283366  0.904947803045734  1.02599767160401  0.965771561214714  0.512531795033324  0.298346225641325  0.27411349430079  0.501709840396089  0.532613039925641  0.326425766074922  0.997770837495487  0.676301080433045  0.127980408907107  0.430769145778151
0.000803133304655095  0.916252149273541  0.423550751705304  0.910838174256068  0.583474080441243  0.604057287104721  0.760820566016374  -12.6084485999631  0.430945180274012  0.924706188360231  0.298240471509891  0.46903135163537  0.347039780165814  0.657080186333306  0.644779200206073  0.574393617468798  0.898188249511601  0.547015725406186  0.439781611342884  0.201390906010828  0.0755102970206768
0.0304604152051128  0.969965771581462  0.246100904587292  1.13151776137918  0.67265592726848  1.09769001021118  0.382622920326651  0.632089573834819  -11.1216932433912  0.464475357481616  0.611870072933485  0.482950365122809  0.250543953003344  0.10083864915055  0.645575102058186  0.497735918651207  0.0770547222639645  0.874441336812554  0.371619469710047  0.77588531880091  0.61938568356052
0.0681962844660897  0.737878298475001  0.41780818315214  0.359897050387768  0.778892649555861  0.430330647766986  0.536902473687484  0.120649199946802  0.285822874332242  -10.2466894788571  0.473327175656947  0.353928749663787  0.615391091546371  0.0817578464234865  0.911108452119844  0.023358781267322  0.831045744943679  0.63662447828787  0.323739919475486  0.714407945316116  0.628974305022146
0.0574497697899636  1.0336201779689  0.127177942168039  0.927544482925087  0.834975799292855  0.840363789348106  0.812423593994096  0.76163910108876  0.944532449090182  0.644457599787495  -12.995681528009  0.681774664684275  0.544201972108994  0.340114357167712  0.744696081564656  0.55361849920469  0.732055732025224  0.311991105749989  0.422709585180722  0.199858890026889  0.980174717710468
0.0664804976772184  0.572216574092615  0.269484266663339  0.188387212953358  0.757350850315056  0.561830169341419  0.87987937695952  0.643963249510114  0.653128993981821  0.468410240180997  0.824439282670013  -10.1067233566838  0.421567219971533  0.0326054898213162  0.24275084451466  0.341505265261157  0.129419009566669  0.491285766185883  0.813392565325295  0.319737444674324  0.490911368692185
0.0523352895275536  0.500167308371782  0.768229110053967  0.577990560304335  0.106777974298323  0.802248497262308  0.537022240795166  0.214243485596817  0.701050773333161  0.300935390768781  0.475844238432951  0.991483061941947  -11.3049815506158  0.44081457716255  0.230592746771999  0.221699836896952  0.669600481789915  0.96597064422954  0.484372639982743  0.735881769701583  0.555314364637831
0.02190240954326  0.930339025455501  0.70543959849482  0.513425918883648  0.562088719130316  0.244653028160261  0.240645454704276  0.0625541911068461  0.47619533661115  0.239404736116114  0.00294405404935906  0.554847257955774  0.488416454960032  -9.2881971108881  0.722829675533159  0.0287765521952906  0.536380844893308  0.246953059931256  0.116190794986803  0.0872073409546208  0.670014278431756
0.118280597536752  0.0165246119491225  0.0501059806927899  0.784185154508953  0.36937773766013  0.783457348668553  0.376640383133562  0.826429404610474  0.0255065346976903  0.51610812982679  0.836105339692997  0.564744962998825  0.276058525565598  0.36430069117102  -9.59387597355076  0.385768623976316  0.43774497303641  0.939933178369408  0.817992237958767  0.741814179447852  0.283419649171348
0.0244954171686843  0.4518450069823  0.262709434834381  0.691029267288549  0.795635478978021  0.62563028455044  0.367813420302052  0.939358084293296  0.212553152780661  0.572222127373151  0.701207711736053  0.671992145513024  0.111587848167183  0.652420563030663  0.273366452973622  -12.0112296147958  0.325752070959959  0.929352855430634  0.533565632479578  0.397225066606624  0.87630197527454
0.0957747810013365  0.464858110358705  0.189234212278754  1.02946564726868  0.560185071202735  0.781838044419431  0.893990661739849  0.699475004947231  0.394373192169973  0.409023330687298  0.145984578472672  0.201248923765905  0.19636562940096  0.42964721457097  0.339898661157959  0.865301029492711  -9.68108045515076  0.200088526056329  0.890320826934083  0.390323425065449  0.152079982353536
0.0288643510375975  0.354920918714751  0.353535062236208  0.448568351824232  0.190918581036104  0.66341930887978  0.861539670360265  0.766125539023099  0.811127275182265  0.945996494987879  0.190098455968173  0.483841851832693  0.394388655869233  0.406673407410405  0.0259269163755224  0.983522712611932  0.399338979090847  -11.1112155897076  1.00100044405115  0.256217885697294  0.503431866594884
0.0234429965244334  0.977000070960771  0.34175123088101  0.311200568707862  0.0335082645758916  0.644425935861979  0.829224585845373  0.0448313712359294  0.178058348387027  0.706642568884496  0.122171672484697  0.693982580163575  0.97581741689615  0.977327243826039  0.531010083423486  0.738376284547217  0.454405807282618  0.735610186747545  -11.2443781203502  0.0028482321842703  0.520778921002838
0.0233271347552221  0.506746537112137  0.33669521185018  0.924411218895714  1.0572743603868  0.70400763951811  0.232306528916189  0.900248419228055  0.708525085143414  1.02456788695371  0.27396558745498  0.950011053608837  0.526349518272459  0.348845285115351  0.390950258034827  0.845845670049279  0.10395135165616  0.445323664019059  0.725789215336628  -11.576815931512  0.304176875910579
0.0249198556335904  0.222869822725133  0.00211961548988785  0.116940412545026  0.227135734354391  0.119527298272472  0.657882030259653  0.208682314459472  0.924825624385461  0.967031042026288  0.692613505062073  0.781138440748947  0.771586670039225  0.735612900253748  0.158947775110551  1.01104925918113  0.563506677817274  0.55231147845443  0.0203971572744746  0.352914869498044  -10.0781165482132
