0.0303846360384538  -6.46948461286861  1.44327583519749  0.745891140164523  0.358743615402728  0.948968585444636  0.421413535875303  1.26257285382134  0.329616408392268  0.489933329265777  0.141611483035296
0.0677996323992291  0.122879763731522  -4.11603864882583  0.217460928090911  0.194616647374466  0.0846281181752855  0.0286726238007038  0.168380388823352  0.483561136975318  0.471147070315255  0.372119544106227
0.115643020542614  0.667014706810585  0.0625577457244139  -4.38102823261606  0.434824197830113  0.215301631048585  0.319669370221717  0.549899133906541  0.159191375085196  0.948037715727199  0.128209585888506
0.137507073575748  0.221694129267624  1.35119148529615  0.837624405049574  -5.77621114963249  0.479834641852953  0.704636231780234  0.345239819156514  0.573255132228702  0.415179920406097  0.347975779940695
0.228531413693362  0.668304467156841  0.685203054594101  0.279318943429512  0.859325157483813  -4.69712631306349  0.0890050051675666  0.369273899826994  0.741463305618704  0.671723126292074  0.125583792380916
0.127279357833707  0.401244411745717  0.611518144762125  0.716104163159888  0.160884901705765  0.681064775553256  -4.52674797547201  0.881932827140622  0.035690251440275  0.364384403971782  0.00888727072961282
0.00148807692707789  0.140726180312693  1.04502374971351  0.269875681922676  0.400661709998637  0.0313436127854123  0.519357605309531  -5.48631167330664  0.0866812629602755  1.12876613255945  0.00620613499356334
0.0494944694847777  0.688292798011163  0.156479241110578  0.609104665635029  0.42056835269233  0.0628682387163777  0.395307799128907  0.86433680988481  -5.83089289520315  1.43375616233099  0.31789819639356
0.088018207396044  0.0842438026436032  0.607093018614996  0.150721582362497  0.647099782952455  0.232409767767454  0.249859939247797  0.136662303620608  0.59613552463069  -4.45865723340248  0.0758172384792044
0.153854112108986  1.09413791315227  0.248521096212583  0.191514579040245  0.14901764266607  0.635676005364933  0.461720151851805  0.0403748534847237  0.399911835225557  1.28212193467331  -4.60484459101558
