0.0294202989859497  -6.21599814022736  1.3295360999762  0.728433405379279  0.353827582931528  0.965050618858874  0.411859099736591  1.18859823971159  0.324221645777348  0.459301184230648  0.149039653791958
0.0796320558679793  0.133372597511147  -4.15997427864064  0.2312977752258  0.209319672055143  0.0939179567847237  0.0305898640103545  0.17103541390285  0.516046288856972  0.479636700369587  0.426472713968324
0.118137001218983  0.673517293352265  0.0600661000697908  -4.36621102430133  0.436814196857109  0.221068450767234  0.319559726429139  0.533578909865073  0.159551291597297  0.921212786656094  0.13507673243515
0.136070580695787  0.222227782763152  1.31034720501959  0.836548436913817  -5.77353265967617  0.488018575599409  0.702482087302425  0.337063905149016  0.573168113553229  0.406122918501814  0.361791636782453
0.216040874008878  0.660872854788691  0.671748307375898  0.277476540627572  0.850567592372243  -4.69000939088724  0.0880488233567446  0.362676085652391  0.736537729265081  0.66106434957352  0.127815615115625
0.127860451741933  0.402924882978898  0.594726999512383  0.717175945109627  0.161326023738222  0.694529611464788  -4.55066872764777  0.862297779829558  0.0357573923577209  0.357399785242867  0.00926121269560665
0.00167339457158499  0.154614974892799  1.01264131826054  0.284656486349282  0.43056680446818  0.0351776981436782  0.5502424398391  -5.31588833496715  0.092414779905163  1.1215670034405  0.00728286651215989
0.0501807939389925  0.698715403210612  0.147137189981003  0.605704169615167  0.422105133243536  0.0649619686507459  0.393504163959327  0.828067670888191  -5.69967546045529  1.37078403078635  0.339239263813503
0.0987891713103466  0.0894321090378694  0.596947652243806  0.15700803739742  0.680787740827385  0.251842303497059  0.260850558539134  0.136498108595106  0.623266101519151  -4.47996120095124  0.0847626263412745
0.142195377659565  1.06405057560006  0.238998153022183  0.186693424678025  0.144772145224073  0.624095478760275  0.448019064372174  0.0390080598056864  0.390401201925233  1.23819876052586  -4.49618893554066
