0.00669344328182886  -14.8000481760276  0.431578169788569  0.281852432980063  0.28770303193766  0.51850424639349  0.160463176552831  0.702851939900892  0.184970386071453  0.258627650767778  0.91863209440623  0.733289487319756  0.529778577844238  0.569308397012513  0.281073665501626  0.568787622578416  0.291078457256225  0.479228456624511  0.70344878090019  0.502477211536398  0.248376041291134  0.739331767403309  0.0703797150830892  0.281479007799612  0.651666240635412  0.495519432892669  0.141515444754392  0.511492752400981  0.479769785684715  0.664431980900728  0.156890805438292
0.0452257724257701  0.880082396650528  -13.1748077157845  0.942140987252059  0.0418431621536123  0.335823958354499  0.0131315163969288  0.234456054890714  0.691367316943849  0.320332298166394  0.500810952244059  0.0501362840437788  0.569590669781621  0.115361888200133  0.862850659892704  0.0142950877257543  0.745432765953451  0.0904817843877229  0.553906899892591  0.40881679996105  0.0736470275015382  0.325031879473016  0.671741917870852  0.899110348963597  0.457383605142657  0.146231115243218  0.53641836933452  0.206283465871147  0.917540681891885  0.37128665804116  0.29929455625816
0.031747296889807  0.152304245060979  0.819861266178981  -11.6247860446464  0.152086129491893  0.873544648356188  0.116890096103154  0.118130786063727  0.09420178902116  0.487330791238316  0.270252414130611  0.0236950537936579  0.285853284453177  0.643361372700674  0.0312876836904417  0.504654849936336  0.243470951888787  0.187976347832312  0.130986793427541  0.318140228256077  0.149599912780773  0.12062768076709  0.40057143439687  0.0342800875995701  0.632108404957243  0.0946828768642239  0.855835440855665  0.117451574146732  0.205208558409021  0.794449867855111  0.831984206296928
0.0462990968092221  0.283830613743488  0.123299615586263  0.840891462602841  -17.5888481881729  0.771278656929162  0.890903057020311  0.97734464987331  0.927794102144151  0.496897543594487  0.280554174415445  0.246619047021127  0.505559617670862  0.48082016153164  0.311780476878355  0.949378241761708  0.615036752625173  0.127600931905511  0.437861659287942  0.943661736801243  0.479743232616118  0.912954348503424  0.597880047510217  0.618654120789356  0.849188070103974  0.508535049369119  0.976115275981006  0.333882310230559  0.488288220488457  0.346534988427474  0.611792305500082
0.0506675412810388  0.72823772966463  0.542229719772049  1.00236231562273  0.552902457429662  -15.9079778754054  0.407148459019465  0.215406523266254  0.0774357956517253  0.837775149109214  0.222364107682865  0.926074399000745  0.580572315245318  0.921270485778764  0.351095815803791  0.523710424652108  0.397019580094018  0.553826951265475  0.433561690381245  0.224791166762017  0.0842820058803897  0.616062747573804  0.414082517129234  0.0681101628849625  0.750207503641144  0.316980489961295  0.718940317097068  0.580666531311072  0.690667430119361  0.395144884579198  0.320024076415349
0.0570099510779618  0.788319235551852  0.434014652620851  0.603484376092425  0.119098289315383  0.320971404678764  -17.3618041228784  0.482285276894173  0.348331915940758  0.627883040296831  0.077264020475658  0.96243513755763  0.0228569553403251  0.837273253326901  0.636245087353299  0.314116636797423  0.740651035485773  0.655344145863541  1.04786564159936  0.135024462057507  0.924630187532547  0.833694639033708  0.842052100757999  0.839030361864998  0.734614359020025  1.01698052955109  0.651120637118208  0.694846489816105  0.549063480223903  0.316892399511113  0.768924181051941
0.000706696753654072  0.571499018748247  0.749604959454943  0.356076471168376  0.412758027997348  0.227007121048472  0.940731125035399  -15.8482128693356  0.562126195673974  0.304124214831156  0.18509921533065  0.743018852735645  0.587411357715958  0.884246588101584  0.620897730241548  0.691750473404522  0.455601673804215  0.878666220424888  0.477540595392368  0.0353965786275081  0.285731150737969  0.35037019491894  0.137902149277705  0.490037854403152  0.78665062129156  0.359102895646079  0.508345281098785  0.545211984596908  0.838511625823505  0.540196998119492  0.103363790561217
0.0182132800247155  0.866291113131565  0.581539209812052  0.240448977423546  0.767858412268294  0.336674784557274  0.475089653579012  0.993863980562332  -15.9435402846061  0.455444160738773  0.246086143850485  0.215036015831697  0.713900639629446  0.945759037541561  0.469668224365369  0.771303267520989  0.555431352291421  0.997602850940772  0.883323196177344  0.587908395289927  0.650004075853163  0.275164486766284  0.288460171057078  0.0644813334771369  0.557149897835158  0.277367171841006  0.00330500986830357  0.641480688270058  0.54591031277705  0.818267548862846  0.0289911359911569
0.0409278219376716  0.598261488614078  0.259274806087315  0.125884435416822  0.0972673053888322  0.760829977008452  0.0148009146054614  0.0469162128569317  0.708174791085141  -14.8391400069251  0.340390730613059  0.713761733795652  0.366073691227644  0.737289251017425  0.0240716767064305  0.479424508387177  0.759079682980384  0.528849541600844  0.272766725390137  0.351538085103904  0.372678016593916  0.419550806241307  0.890827002432173  0.737431801789682  0.692653398026109  0.277230765394128  0.435798169688342  0.290518670108321  0.685636602210167  0.759616226263911  0.611618709251729
0.0399775625644179  0.433532902544317  0.965403008141464  0.267125896012935  0.617393491866791  0.811086726830868  0.67431440913593  0.114889100013243  0.631996146923015  0.324973650518386  -16.3768967407968  0.348280091535239  1.00329168890003  0.520919781358242  0.436405062038259  0.942886516236023  0.43846423455695  0.194349660374317  1.06734369668444  0.588674154978023  0.816242932675502  0.937921868774819  0.694774598262654  0.401623750137506  0.40132692464748  0.151577641100104  0.19689841746706  0.204253371407425  0.422617854675937  0.337876341522318  0.816961552478436
0.0565912649319861  0.20958611620791  0.884005943737687  0.438767953196898  0.157269429470681  0.365795676394679  0.362360470105455  0.430427391862498  0.187552694140762  0.697723528232704  0.93200799985391  -15.7623290896374  0.75870293603477  0.865908065353915  0.950265598555431  0.196181012410765  0.464984265138355  0.397811026469587  0.405017846500921  0.0300662095720552  0.993287095637771  0.425737363863734  0.983984136726543  0.271966781378938  0.515965495873928  1.02414667966925  0.374941964830929  0.332335574999083  0.035767394255187  0.657567207039905  0.914176292617972
0.038472821279107  0.0460506074366218  0.199531010834871  0.796331967708947  0.129533915118967  0.740167116432162  0.9517776288685  0.919411703210394  0.576859860252239  0.750825746305876  0.476404389200482  0.742192547879231  -16.9821991126239  0.00298073406572432  0.53715081213546  0.447655269082894  0.31319006074643  0.832883494380759  1.02610997026146  0.691287927000464  0.241958294879522  0.822137210438934  0.721735279997135  0.94293034557417  0.255622526352332  0.890774491190229  0.478161815695197  0.316797274144169  0.399588778629331  0.722186439267135  0.0966737750766667
0.0251741601266466  0.470047217724001  0.700375346791428  0.348322122907949  0.219080756220714  0.00244748444323691  0.108482496294934  0.223962315090868  0.119485919358363  0.767362039224233  0.201951078337189  1.01177911900279  1.01902478969562  -15.5921896914985  0.706245082341236  0.765297439327842  0.734179275174536  0.700032973618005  0.19276045981866  1.06226388668579  0.640044110070818  0.581247012872893  0.0201964754857629  0.376449146205401  0.704405918292217  0.457858151038482  0.790929305481573  0.878167332592804  0.625549942403345  0.189481668048695  0.771264078371207
0.0779691787545104  0.0962134937063266  0.63473483208281  0.448158321167214  0.793188666911902  0.855292700276061  0.960759837021819  0.216608460074341  0.871659365053274  0.435309325040441  0.518579931254152  0.775926007241136  0.135996963938458  0.406948807441667  -15.6431800502558  0.66706276674312  0.899149230733227  0.352274739393138  0.111247770264439  0.982677816321182  0.209378595680202  0.0554582164667581  0.434988092335945  0.33878020560369  0.274925031233699  0.685353404415476  0.794544608833291  0.462247122839133  0.964051325419499  0.269852328278841  0.656115882736111
0.0238586160294249  0.407688702405426  0.960738683408884  0.831632869993465  0.605575519287631  0.892129185982101  0.85974158700668  0.750074030865522  0.503040479335086  1.06133449108612  0.560412526542984  0.873755557927581  0.653947715771882  0.594002519679066  0.0331993529970322  -18.5402712588914  0.247304916513404  0.802418993272782  1.10459184177323  1.0594068164864  0.817240498427212  0.710169729995944  0.255080573853026  0.602467982610503  0.569472301178781  0.0524439628689404  0.376359024588299  0.972966572779347  0.411663096274446  0.502759196759673  0.172485080275875
0.0748533956263352  0.202870966582313  0.564199937989917  0.430572355102234  0.646330038598569  0.614971222604163  0.141008605156129  0.29361156526327  0.000622328991112693  1.01186644540207  0.408326148141299  0.988785754491448  0.531754218822336  0.465927730606311  0.73131752692916  0.144691171873027  -14.8723438865803  0.542171727185974  0.60194035238328  0.707187068947611  0.395830084704964  0.141620278808279  0.0764228890094426  0.769696463103249  0.708699808245154  0.799988031720372  0.160968854022393  0.639503514699347  0.801326837168682  0.913454254230788  0.309819258667382
0.0201077063967825  0.679978379498608  0.335638794712889  0.658475297953692  0.0833584537790708  0.639968226374172  0.563033635229572  0.651434369626449  0.777584318120484  0.88675876065205  0.0489917874171419  0.648900326756981  0.848488299232694  0.701164523254204  0.794055901472975  0.123899911078053  0.747725924369443  -17.1522486066568  0.379216649605959  1.00848497941878  0.976560533243203  0.597597780142672  0.110395403617416  0.754140443064092  0.578343085002825  0.0901702659685933  0.642482818456268  0.348472896359071  0.848575720469853  0.233668062956605  0.346734052855713
0.0140366065512431  0.89614907353533  0.522592252688489  0.824390006123491  0.0360961184281815  0.0393956381790793  0.557018234852691  0.217478079315554  0.228814281854129  0.605933842106719  0.370026373168552  0.716701905056278  0.110102019884051  0.870708757504785  0.580045096155077  0.592565765331983  0.6558956775356  0.480626058702613  -17.5956692473275  0.379288842135667  0.601337122966961  0.91106085407776  0.201558817287061  0.672215383128018  0.387796847021773  0.791922139530308  0.80579095451523  0.962773827173758  0.867677939248278  0.226312757353887  0.198751827880553
0.00979532631003957  0.766884771631171  0.152839866316232  0.858948785404787  0.898573679585619  0.492744054750239  0.0348343621949584  0.566806719921887  0.74938974128108  0.151197911717877  0.899713874989251  0.608269758501698  0.808835191621195  0.210232521973557  0.765845515826137  0.712577221924041  0.533871381456523  0.194513728213853  0.059575484504195  -17.1956114839214  0.616141713805988  0.757203241203226  0.18509705136244  0.594880155737313  0.359797538602215  0.369702034709226  0.0547133689595848  0.413439276004015  0.522325611626381  0.712778602131406  0.741286648646127
0.0129881425388977  0.0119051670650194  0.53730377560968  0.313886998241734  0.0362368470251011  0.360100235446191  0.236890188323753  0.894767571259831  0.869481176819371  0.606436976033993  0.888084735986111  0.794384122467599  0.11376574821099  0.525026692614527  0.320871347746771  0.61486706064978  0.563198224398256  0.658778895786795  0.636444651653708  0.124079278062763  -14.8845931700383  0.268306252598676  0.164530500409105  0.154068499364827  0.506949338576634  0.415475695540937  0.358117048559536  0.842137109830831  0.200616040622497  0.450377236237403  0.353848192941635
0.0213132055044152  0.264976659852443  0.79075761702017  0.331874051076456  0.0768805141623491  0.992010650295197  0.354413870604635  0.316079398234802  0.639540107843727  0.798965722982369  0.468764040886824  0.886062229398575  0.0496013685312625  0.624751328118679  0.782829481332724  0.3231042454947  0.868837985632868  0.479818484230914  1.00109911395197  0.32846181936817  0.623847241529858  -17.841631338295  0.881665399100199  0.579044247462746  0.41955109566033  0.567258512041891  0.90992376547964  0.86845832070408  0.289150448490472  0.788050649432276  0.2445112626004
0.0212085151086483  0.351886443960091  0.553697742997522  0.205313031061246  0.506282223648024  0.981568178384432  0.289817957218711  0.347140801621742  0.0552352691746362  0.918713646366426  0.500365806307858  0.774129329555638  0.237745787057395  0.644718761321177  0.823355185890048  0.436017781613165  0.16029636161833  0.509144515469086  0.930582735967816  0.0355260425845681  0.271672589984391  0.946333840470951  -15.7606488335001  0.591699972572563  0.912496996962351  0.834399464653501  0.0482085019567228  0.317532853192269  0.520618061229602  0.669421439297481  0.271367625731659
0.0128208152091947  0.50610790351211  0.756560441681973  0.147650592785711  0.967817018523705  0.437809270221981  0.243713276904207  0.961714204082071  0.850212583185774  0.452287222599757  0.907146373687795  0.20668383747987  0.996227838890547  0.465290011440732  0.10954409844257  0.633555054023757  0.286085383394756  0.867855876843389  0.36958208562759  0.981759599961311  0.0305779172329606  0.570296765057291  0.500192921977975  -15.4624019848992  0.877170566819796  0.521731180939184  0.226144206815722  0.562392291850257  0.0101244504220415  0.0864140569193138  0.31528724900287
0.00318283039462983  0.602956678752872  0.316092893004566  0.871441334211574  0.0106989084529355  0.676942082988887  0.694361902532484  0.475021432347562  0.21919562663135  0.128615927763987  0.418695477301897  0.638889469437528  0.0594028934820644  0.549995230767997  0.701979142646022  0.982293080049154  0.941519309560074  0.123116374729447  0.218601066132544  0.214511342023136  0.512924238453629  0.217377871549354  1.02525194204442  0.0994401949087283  -15.0755031467691  0.894839460577137  0.10289147616028  1.09147972511958  0.00574859199345163  0.483987760884804  0.973887240546636
0.0138919912420181  0.446281864021772  0.332766135415626  0.327680019187657  0.954284991432988  0.958726319129665  0.0111672283115367  0.0941096566882187  0.510649426796944  0.630637891887228  0.754120815845077  0.449780165446014  0.789998298152375  0.898088479046287  0.860999372006555  0.255444538200562  0.0900216138319718  0.0640246981218341  0.196774676089151  0.620110998586048  0.000890619162946586  0.477235976595363  0.639002218365784  0.187527523625999  0.620378132621345  -15.4149370398452  0.524994604693079  0.766530426124739  0.388283264571495  0.762826904774161  0.229977649472401
0.0644925846898008  0.908727959315584  0.696317131549334  0.975842018099488  0.373016615101091  0.643034739921048  0.0325772918531369  0.641362314136897  0.0039722007188396  0.595221526807925  0.280033180880175  0.603074211301361  0.938864689116047  0.558560880001905  0.788103609423506  0.298732555609468  0.86731723739072  0.863116062892104  0.874281188951515  0.075090738016536  0.645528465968071  0.517661214556391  0.066446220430976  0.221156773654869  0.572359904409828  0.369485056555661  -15.1168975203196  0.981120719657292  0.0578170728115888  0.000334193885065273  0.284821805497796
0.0307803179776691  0.21441695558754  0.653469637498239  0.896966114277686  0.0282969670415791  0.70611705160675  0.150819635604552  0.730765902902644  0.135364779761114  0.668217525307716  0.485906962055804  0.648712509190349  0.253345139206878  0.4549595930318  0.752973588892964  0.166490605520081  0.779400422613542  0.104984696695993  0.885067586446388  0.52104921246424  0.285806299348708  0.324190937415535  0.543453429630053  0.169528284236289  0.403840656902356  0.644917635078639  0.392771894679116  -15.2153598368662  0.543773292506668  0.176603718171896  0.847048750815801
0.0633153125432612  0.676530104835201  0.128949541191358  0.393159939853754  0.297798530158444  0.823988034431554  0.449610257327084  0.427406834044492  0.0771666637646003  0.376873746164225  0.37808745658013  0.376579052466069  0.237080664167314  0.751131225270138  0.0152857186220041  0.387254580604389  0.370242276968235  0.451888962192321  0.30359033307647  0.81976995700774  0.883168652900718  0.936498067076717  0.269097846015389  0.651115135806463  0.68433474073761  0.201311081754892  0.543853398228784  0.633876584950581  -14.0357082211337  0.10314412409919  0.561077447809319
0.0738462573455086  0.676630808283265  0.194064343697272  0.497929279315525  0.945668584314691  0.604868175840472  0.944001789516874  0.753830851177948  0.727006030846457  0.574727533770599  0.996114453408547  0.953109923691999  0.182771469088841  0.544111430489121  0.650562325712903  0.106647909164266  0.038177045796243  0.795469119419737  1.02150276699693  0.117760054583672  0.425182430569368  0.0284894810972396  0.4271258435945  0.210822687515208  0.923897147594784  0.237918009278249  1.00414010857902  0.288360794189937  0.555853900297696  -16.5238325540996  0.950021956618946
0.00383248839379319  1.00749145708805  0.99987566843017  0.356332786152316  0.805546823526532  0.215593896837269  0.0999812113062221  0.0885589599878719  0.521058089842098  0.642827104933189  0.70811040596454  0.254378917932634  0.47494087667538  0.530623049446389  0.570199323979451  0.947497167550017  0.169386834726879  0.0417177427228526  0.114464793390795  0.0178903338408894  1.04352435239761  0.802745777895746  0.642993585322545  0.382161748313711  0.345364504266172  0.358166363244366  0.646242128137311  0.71543965592473  1.06044029017159  0.856082389490771  -15.9312941423533
