0.00954819748780024  -9.42349774606948  0.284427979208501  0.302551298356435  0.15461084185192  0.0380362099514436  0.189764825584338  0.808921337867892  0.446163998233664  0.855032765137386  0.758917999554681  0.0443951561590705  0.44134131195282  0.277438310924457  0.262364399073499  0.513767673377433  0.16459444761063  0.716693370650833  0.201011334912044  0.225949087678566  0.906141082034078
0.0722925459317253  0.835949820641491  -10.0626457356221  0.578961964187549  0.665366277417765  0.319519485369036  0.612942441243686  0.340818768426459  0.489530671522329  0.684618436400381  0.488263743070174  0.251552383278694  0.78807436840427  0.0782441952587511  0.304438741967421  0.749632549782628  0.508272228795219  0.155470455665894  0.524711382445413  0.48889814649582  0.750974206237648
0.054635435283224  0.173873548803491  0.787622569998609  -8.39252331968644  0.846110052457574  0.0404365035523055  0.287531390515658  0.0136587495113848  0.213317132715922  0.672278583423919  0.289269823705589  0.497449809802748  0.0504171516463305  0.581151080083224  0.109579226767994  0.898049092836843  0.0137074293112732  0.750653157689766  0.0897173219060442  0.473189468384447  0.359671980708611
0.0582913374996373  0.0711784461166747  0.305261557405685  0.682774599951098  -8.92524360724505  0.915802157895537  0.439288385199014  0.144592117156532  0.499133206749062  0.191070068764889  0.864641788994111  0.389536344634164  0.310284414491647  0.167892136928579  0.830352509633729  0.17077965139122  0.865058447191068  0.131508817037433  0.134023718237548  0.0985206565954582  0.490493977602089
0.0874647646468582  0.308183318348635  0.02574735642651  0.319734498182449  0.750477266107576  -6.67801340432198  0.033419956793972  0.578908581671816  0.260270655175961  0.201195992973205  0.130232429043947  0.329425986255532  0.156538835311  0.137739703241895  0.408671535801402  0.040080879019775  0.693639368125584  0.0999631341309681  0.978157675939097  0.115407084273513  0.213056053192653
0.080947931280337  0.96966874574413  0.962185213084973  0.299348057497944  0.130079947935926  0.834192113810237  -11.7991398854087  0.789043465884905  0.904825406591321  1.02651439860123  0.966078614751576  0.512897226986224  0.298549569362916  0.274435535955411  0.501685695398862  0.533152080670801  0.32650829271772  0.998323442186467  0.676915237416773  0.127982441157011  0.430928320345467
0.00079678111866084  0.916135219447304  0.423220569025585  0.910430194671592  0.58325158757736  0.603724690475005  0.760157102259843  -12.6166437817717  0.43056186165725  0.924227112414611  0.298025025393173  0.468805200735741  0.346863145740384  0.656965599938059  0.644212717589756  0.574290280024398  0.897485406969273  0.546763704712592  0.439676861585428  0.201211299312773  0.0754701690040526
0.0306069813209058  0.970693787553543  0.246136113633598  1.13208446461857  0.67300466997339  1.09809835019027  0.382639498923713  0.632609347933694  -11.1268889129733  0.464648972427536  0.611999011922651  0.483167472353757  0.250648508002068  0.100914918294407  0.64558978359449  0.49809410731351  0.0770665267054524  0.874822985276543  0.371865681381356  0.775915322663484  0.619598553727863
0.0680801031545228  0.738250898895587  0.417681325029288  0.360001046600981  0.779067516327035  0.430345578434188  0.536641632644352  0.120712372766068  0.285653886533934  -10.2456653390009  0.473233970553697  0.353989215094911  0.615473905905086  0.0818103232331273  0.910623588422108  0.0233706925289064  0.830822738426287  0.636671940025656  0.323874366983881  0.714072506914976  0.628916703400732
0.0575364241779529  1.03433658081524  0.127163890050161  0.928030455107346  0.835340949222773  0.840565096272605  0.812164018879901  0.76216269623631  0.944109233205001  0.644584748215315  -12.9970408668863  0.682047047249494  0.544400912476558  0.340415943643884  0.744421092257031  0.554021080998043  0.732004640298913  0.312072118431887  0.422972767779062  0.199798640046762  0.980248435016832
0.0663064120382017  0.572422524843127  0.269325034558013  0.18841664134708  0.757388938933747  0.561729737285921  0.879146884379682  0.644193750670597  0.652491551532606  0.468303450143796  0.824058257590779  -10.1034897286115  0.421552021178333  0.0326244493049721  0.242534591571336  0.341638786137241  0.12934879088769  0.491210849050247  0.813610983748486  0.319479033310211  0.490732765039193
0.0521948003926496  0.500363494792067  0.767811410257129  0.578104532618198  0.106786900464336  0.802139316281641  0.536603711786789  0.214325083093427  0.700403301197987  0.3008776077998  0.475647464254968  0.991520968196329  -11.3003300849203  0.441084941894621  0.230398944506472  0.221793339015113  0.669270147411584  0.965862430477019  0.484519273856373  0.735328932004948  0.555134424105258
0.0217255460464328  0.930304927340407  0.70486552466825  0.513262115065059  0.561897732675498  0.244528518519909  0.240418392036969  0.0625559655427551  0.475716010813863  0.239277495782568  0.00294193676006698  0.554615159602243  0.488192371962425  -9.28911506599085  0.722121297316523  0.0287743602679643  0.535957647641769  0.246844430739472  0.116173594414635  0.0871260781604659  0.669632602109926
0.118790063055868  0.0165441174458079  0.0501228815245523  0.785045876549982  0.369731897959244  0.784030521656541  0.376662862851061  0.827357169585194  0.0255034189562652  0.516456283994608  0.836491168865245  0.565281857379936  0.276313173176611  0.364848968916775  -9.59971067348148  0.386260641953675  0.437916108024907  0.940603353266565  0.818926177298999  0.741874955286763  0.283556272715457
0.0243324504783308  0.45185606990648  0.262510011824442  0.690859430676551  0.795424489808312  0.625349477105333  0.367479656752648  0.939440369581815  0.212345030745962  0.571957114129978  0.700740606750916  0.671762636544983  0.111545805092805  0.652477043667511  0.27310907430171  -12.0121676028537  0.325512385175649  0.928994393973876  0.533522324266076  0.396867168357338  0.875846277682852
0.0959824721699723  0.465247631433762  0.189224574343429  1.03018908327356  0.560509990256811  0.782112380187271  0.893710190745429  0.700039313373543  0.394184364011107  0.409145303684506  0.145995435974953  0.201360200376946  0.196468070057117  0.430127565757765  0.339772258120999  0.866085200152938  -9.68307453825723  0.200158849409287  0.891012896380534  0.390209680913556  0.152099659455137
0.0288149359919885  0.355050545568811  0.353416017036522  0.44861294908763  0.190937892685379  0.663375654624252  0.861142806294459  0.76645972818004  0.810708198004091  0.945929915738826  0.190049681811167  0.483854516751696  0.394385749979409  0.406834358539289  0.0259142793422794  0.983852776576693  0.399210934471222  -11.1146198929549  1.00126684679112  0.256099911738409  0.503375160991678
0.0233181466568542  0.977102216775639  0.341506864315016  0.311148490739818  0.0335021686843806  0.644175599385009  0.828489073660842  0.0448392184808049  0.177886174772975  0.706365310380951  0.122095658650031  0.693800629079565  0.975532350064586  0.977513423478766  0.530522618534875  0.738445049518875  0.454090711672944  0.735369151526153  -11.2474817955002  0.00284570598540935  0.520534751997543
0.0234299753626703  0.507168663487778  0.336745194370237  0.924962939788812  1.05790515322637  0.704302598188085  0.23230766709756  0.901055137362823  0.708480012410725  1.02499816451784  0.274027377822906  0.950514403495656  0.526613464398029  0.349158633914286  0.390942705995616  0.84654453092254  0.103968377318778  0.445534113345693  0.726332678616044  -11.5834652751139  0.304284568414167
0.0249046959054069  0.22296252526927  0.0021191436255547  0.11695613745616  0.227171304708845  0.119528788983566  0.657677708659064  0.208786472099518  0.924507636633423  0.967043289079015  0.692508243524116  0.781198959475139  0.771618830505037  0.735902882046508  0.158894919227292  1.01141947975874  0.563386875014426  0.552360590183085  0.0204035423141063  0.352804621964596  -10.0818611574471
