0.00694064641706164  -14.786826424476  0.434903868175568  0.280165933190703  0.290177056613777  0.518633718013277  0.162901377348782  0.709669034032809  0.186946717114038  0.259231071173734  0.92806762844278  0.74280185350674  0.533241579870305  0.57842550384224  0.285098420018042  0.574991625147707  0.295856280796775  0.482351707622961  0.70150256124934  0.501148876058707  0.248062663618491  0.743358473069605  0.0708548037421334  0.284854742507775  0.659309339979988  0.497063783638356  0.143014141543017  0.511268458323471  0.482383796543217  0.675066947445413  0.158988292107993
0.0453941306337934  0.8768102678952  -13.1400735889609  0.934854056709879  0.0418572859335428  0.334454084865464  0.0131806932522704  0.234816494150409  0.69251364627139  0.319471115594661  0.501470286114334  0.0502811603671405  0.569217002926063  0.11586940195858  0.865863357883361  0.0143150964595814  0.748855438275563  0.0904324393659478  0.551052260608628  0.406788462738616  0.0733251454234456  0.324716569125612  0.671527904958412  0.901256045535246  0.458475456908796  0.145916344432685  0.537078970369576  0.205400668711827  0.916187247886292  0.372896476980147  0.300204998632475
0.0334062346445762  0.152949799844828  0.827300931826712  -11.6508039124038  0.153551128586527  0.877385019323464  0.118484710886854  0.119375099128712  0.0952340732554106  0.490177056430413  0.273138318678791  0.0239913952425186  0.288236739038814  0.652558769905148  0.0317050494280783  0.510134242122238  0.247027955046797  0.189545469246619  0.131330432306088  0.319017260347491  0.150126409319063  0.1215660836951  0.404006367108807  0.0346845824334543  0.639488690362318  0.0952780839214533  0.865033044438792  0.117911180514984  0.206760172061707  0.805818037413812  0.842484175587886
0.0462201270233983  0.283953431485412  0.12332571907103  0.83951045463544  -17.5969103734991  0.770842016292968  0.891219907208822  0.978638948504298  0.928347929800202  0.496971179129036  0.280643298301966  0.246817384484109  0.505585998900155  0.48123138751086  0.311994667873434  0.949256512320308  0.615555719038504  0.127638683147934  0.437999635044476  0.944210109813623  0.479925716499389  0.913413944610522  0.598189585473257  0.619129131717919  0.850062836571976  0.508765403647031  0.975955763309858  0.333792455756357  0.488037386915353  0.346788928256093  0.612239674834933
0.0519785335360329  0.728530998672016  0.543272734097738  1.00011772243906  0.554014767988126  -15.9171889074184  0.408555911194491  0.216062994536244  0.077648260251495  0.8385203258822  0.222921970529753  0.929247501675029  0.581501075480139  0.924945135275368  0.352376395146848  0.524881957609747  0.398656929837765  0.554784378711229  0.433512361799541  0.224810307857033  0.0842973627101746  0.617106058295001  0.414891429831717  0.0683225843237855  0.752625152793055  0.317345570371368  0.720547695700335  0.58063302981742  0.69137567958067  0.396704507210038  0.321098162907756
0.05587430969609  0.789952446937055  0.43433638762524  0.603681438325311  0.119139113974628  0.321195411067873  -17.3810673712778  0.483187560120431  0.348629827800832  0.628705353850939  0.0773060339738795  0.963180241573242  0.0228725858917585  0.837689769933861  0.636526277270013  0.314105050720906  0.74094251455939  0.656001911901818  1.05020484405384  0.135368156873451  0.926606090584855  0.834840848210455  0.843087135624835  0.839786774239035  0.735548076486798  1.01864045699405  0.651068321405019  0.695686530653398  0.549127411445794  0.31699497975221  0.769454752919825
0.000707857321635227  0.565598352417857  0.748026464068175  0.35015378312401  0.412282030607228  0.224721894658949  0.946300243275158  -15.7482600187423  0.562731763244252  0.301732825132058  0.185216792221826  0.745621598437868  0.585439664010679  0.890240526200306  0.623966618268665  0.692682383096356  0.45887798834497  0.875698765994223  0.471193834192136  0.0349305177253124  0.282393231849519  0.348780766090191  0.137468890498718  0.491250231477337  0.788372690992128  0.356582726233256  0.508851151539112  0.53932774491255  0.834733254941581  0.543850720052934  0.10377239902547
0.0181317256348221  0.859810485612825  0.580257031842428  0.237478868122475  0.766580438173771  0.334090172112699  0.476533936331419  0.993431385102504  -15.8717119301965  0.452720274334745  0.245990400712101  0.21538909203942  0.711704682549631  0.949330363561628  0.470855236281874  0.771235033525439  0.557672322798322  0.994609932348804  0.874956587861265  0.582442839612729  0.644549697525503  0.274151469969815  0.287661479046281  0.0645436439613013  0.557639178421202  0.275892582390435  0.00330391871618381  0.636322436219824  0.543711291476107  0.821311773307048  0.029046487070177
0.0417984073729861  0.597732695953611  0.259792752084794  0.125340296084203  0.0974868460041213  0.759936867687549  0.01487253325568  0.0470732159894398  0.710514762922356  -14.8381333512506  0.341418780445439  0.716860669194675  0.366615874540378  0.741307101919239  0.0241873028807284  0.480831049282224  0.763358072509577  0.529688424595819  0.272247273258761  0.350934913087087  0.372178984887525  0.42010736714492  0.892445093159925  0.740300036891566  0.695370465720527  0.277338154656166  0.437046483391941  0.290122480222986  0.686170110193231  0.763725232177215  0.614295209840087
0.0397843181490571  0.431820610145429  0.964371441677795  0.265091033362174  0.616862908964926  0.807431091179882  0.675624353914051  0.114936887197565  0.632212857637049  0.323922661559572  -16.3405159038673  0.348750917547831  1.00165640461736  0.522260239239852  0.437188408852675  0.942865939131541  0.439652595739605  0.194062157983412  1.0618569114582  0.58577456004735  0.812575161914357  0.936256665211742  0.693903966310839  0.402009592002258  0.401739067278537  0.151165396498894  0.196863406654918  0.203318486490106  0.421596720335577  0.338716365228478  0.818165584300758
0.0558352547934946  0.208802615231556  0.88236302533167  0.435712945865477  0.156988172122813  0.364163335787342  0.362444407348958  0.430235105515053  0.187409669468447  0.695389472705581  0.930985754669191  -15.729566403133  0.756958839922722  0.866641079983044  0.950510588072272  0.195929351112077  0.465416941936125  0.396972557771935  0.40316602916183  0.0299359563285096  0.989193926829907  0.424786927117184  0.98213808965312  0.271890639491259  0.515894802689118  1.02118190444233  0.374420613840075  0.330867999200228  0.0356589293442248  0.658055494202602  0.914227653242147
0.0387416658171642  0.0459522588645504  0.199633792888541  0.791875689485922  0.129625727121294  0.738214872457775  0.954877020731567  0.921173220322102  0.577905514919701  0.749742080341276  0.477117155851592  0.744245390185766  -16.9649156558694  0.00299224848813904  0.538855536150152  0.448295877605668  0.314444509026072  0.833000530027418  1.0228265417196  0.689219776145552  0.241324975728374  0.822047096591695  0.721999121500485  0.945178300935596  0.256249041275717  0.889898141412671  0.478787035604637  0.315936904043057  0.399293478070997  0.724922898538585  0.0969490397099611
0.0246313360554052  0.464545285667267  0.696021068558127  0.342499609452734  0.217842620847409  0.00241836795381906  0.108400628495221  0.222977344177367  0.119016587847143  0.759573548507962  0.201076736640627  1.00952449488165  1.01176723674102  -15.4785753067986  0.705322929177559  0.762235119835745  0.734372407337536  0.69510035234673  0.190104951959172  1.04781661221976  0.631944907419355  0.576734853534924  0.0200588674500669  0.375348084645496  0.702278512319282  0.453526225481428  0.787563585806823  0.867384809938121  0.620482896872906  0.189470531913723  0.769767573151799
0.0765031235270024  0.0962493808028261  0.634586630703966  0.447408005257946  0.792775139249125  0.854589533567759  0.960413841030837  0.216812059236966  0.87173557386672  0.435261723215937  0.51846511756022  0.776079259742128  0.135946442909559  0.407013401025367  -15.6439856846063  0.666583497249006  0.899241964227091  0.352244356338831  0.111284137334902  0.983286751358084  0.20945115451925  0.0554680101693699  0.435049136271573  0.33885711965051  0.275073720814206  0.685509650775372  0.793935201769747  0.462048720236831  0.963120974755469  0.26985408813989  0.656204723088647
0.0237076820843665  0.40486861438117  0.958834077060782  0.821975720973706  0.604671719217828  0.885723900883865  0.86228123670876  0.749878989693498  0.503096823446267  1.05544972534565  0.560260487599763  0.875201149314917  0.652110201545101  0.596180201721756  0.0332815438898241  -18.4683941730436  0.248270310670316  0.800233617858143  1.09485305643803  1.05025678177351  0.81087762189973  0.707785738924889  0.254443849271439  0.603086975045757  0.570018761694726  0.0521874387412206  0.376268189275349  0.965678576203502  0.410124066793424  0.504570788235866  0.172814613966235
0.073067206386554  0.202783471223473  0.563806718640206  0.429410499265893  0.645723154134674  0.613995446399171  0.140936601282356  0.293772449355109  0.000622170347669069  1.0110588708881  0.408090271628661  0.988739419792945  0.531284208358054  0.465947212995209  0.73118183811976  0.144539216733881  -14.8649653856594  0.541844793121059  0.601589792329273  0.70698214962796  0.395629397233725  0.141565358890944  0.0763945598564145  0.769649821421124  0.708870393155154  0.799636471432953  0.160791351031083  0.638710810296405  0.80011459734229  0.913354448248268  0.309790660991649
0.0202807401112847  0.677426412660055  0.335858769330853  0.653119833470091  0.0834497077188817  0.637419223489255  0.565860806325279  0.652926469870751  0.779557301493539  0.884570419598907  0.0490987445564132  0.651475115613794  0.848412422102657  0.705178739594159  0.797786540610105  0.124188068212126  0.752180560828501  -17.1199104585283  0.37717657672556  1.00324457586741  0.972172755488992  0.597285895350781  0.110421345539276  0.756680674982012  0.580268802139018  0.0899982306580688  0.643867641273285  0.34697777283126  0.847763387694387  0.234993999469899  0.348171090506441
0.0146555820695054  0.897741479034607  0.526178910202975  0.822058594610536  0.0363639575153568  0.0394656212857434  0.563580538776415  0.219328128131614  0.230854803445385  0.607971135559399  0.373201391818464  0.724255302100864  0.110768515176961  0.881592586854003  0.58666007272618  0.597774017475331  0.664286136051225  0.483557217983962  -17.6179063270101  0.37934904212437  0.601922647283716  0.91605637152555  0.202835905932585  0.678823594652776  0.391569954597102  0.795014918422962  0.812747510823997  0.964055664883128  0.872172793595482  0.229137530596556  0.200881507045411
0.0102370906080362  0.76833308485847  0.154016739818569  0.856290373733077  0.906079628036372  0.49371627623288  0.0352981705807235  0.572156584042906  0.756887104389665  0.151756422730575  0.908394976105196  0.615456020237415  0.81432940837147  0.213189383876975  0.775658235583674  0.719678266612464  0.541553627576559  0.195840014729407  0.0595666407582984  -17.2167880679369  0.616736461582975  0.76180820077886  0.186403157246948  0.601439059305911  0.363711983032153  0.371289816070919  0.0552480951739551  0.414039319393591  0.525388020824198  0.722794497992823  0.750214655383425
0.0135072906035993  0.0119169277239133  0.541114696713569  0.312581810133187  0.0365186765672604  0.360486413193239  0.239972985230636  0.902706310007592  0.877748899678175  0.608167882717271  0.896202302802564  0.803427491065836  0.114464503766346  0.532255551128808  0.324861406714885  0.620722069522296  0.571139397433902  0.662839061448735  0.635688972556364  0.123949953621884  -14.8916812722979  0.269746377262795  0.165583108312198  0.155697763685935  0.512227097704601  0.416929069610003  0.361446696081413  0.842592140555716  0.201655886616901  0.456570940363531  0.357970964884188
0.021581993715824  0.264070503100359  0.79176144535511  0.329259656408512  0.077015443320649  0.988474303050673  0.356495520191164  0.316994793009842  0.641601683354845  0.797348364232901  0.470112722021292  0.890247639142775  0.0496260831693297  0.628857279549413  0.787142464932479  0.324094670726405  0.874769323237057  0.480091099714706  0.995964886484822  0.326833406314034  0.62123015025167  -17.8120614291936  0.882370803474023  0.581410450268423  0.421237081731206  0.566428719031895  0.912553083158697  0.865054882092031  0.289043666713303  0.793199291951447  0.245711569558231
0.021384155014579  0.350371409570048  0.553966576545732  0.203497422435603  0.506778107392484  0.977183948137735  0.291326562121235  0.347884364787046  0.0553726032659829  0.916053239439252  0.501431894419199  0.777234250221403  0.237673431513144  0.64853028208984  0.827318256523438  0.437037626838947  0.161284712473317  0.509026437017502  0.924937077450717  0.0353166425128674  0.270285382914354  0.945557515421252  -15.7219518108891  0.59369302525041  0.91550659237182  0.832469134354045  0.0483121515643725  0.316002428487594  0.519998927349312  0.673350172742907  0.272510739815502
0.0127133593517301  0.501417577777903  0.753962277981671  0.145521026771858  0.96509728314232  0.43371435224644  0.244277439883767  0.960186055819281  0.849320549776151  0.448868014857768  0.905833242220892  0.206839684240555  0.991867870346927  0.466727670730511  0.109735188824181  0.632859694424877  0.287052717609148  0.864107777570946  0.365365251369395  0.970722132239029  0.0302645788117604  0.567400186645683  0.498151426672514  -15.3743819522818  0.877064473926278  0.518142713766791  0.225841021497874  0.55687776493701  0.0100701219609073  0.0866771814316946  0.315615499715573
0.00316335328220153  0.595581681512274  0.314762410661724  0.85537613869507  0.010663779736319  0.668819236321652  0.696880815307755  0.474009137886063  0.218955843441316  0.127351274004856  0.418054422969169  0.63970590726076  0.0590801264606099  0.552456804640951  0.70386090493066  0.981463012445818  0.946112160554403  0.122445533696941  0.215293303411936  0.211292492999408  0.505969815232711  0.215948244919732  1.01990573847584  0.0994673329846654  -14.9555114577533  0.886784943769688  0.102769091529341  1.07761563393885  0.00571083951912406  0.486145697866042  0.975558140819952
0.0142016454853033  0.445199944434453  0.333923589017207  0.325213476554185  0.958220928425429  0.956399714042832  0.011270474519312  0.0946057814917058  0.513637574539929  0.630223972406084  0.758248034562145  0.453230462933432  0.792007169430778  0.907071146907702  0.868472961324535  0.25693469428695  0.0909499262773336  0.0641899942594883  0.19587716190398  0.617378950720986  0.000887593415856173  0.478101490491166  0.640801973118176  0.188820916176457  0.624569295436439  -15.3914347212585  0.527935449504057  0.764298335478408  0.388895916813741  0.770434136890305  0.231804310789281
0.063993866329283  0.909388846814154  0.696616330423531  0.974537709138695  0.373098227945909  0.64288037350684  0.032592570154744  0.642362094719676  0.00397531407394626  0.595497646480639  0.280174903941807  0.603674997397018  0.93912868533908  0.55911692412954  0.788785450760964  0.298731970264971  0.868172744950956  0.863571337731502  0.874890643317602  0.0751634484426676  0.645990118982875  0.518059042825352  0.066496676781922  0.221366327176921  0.573060065833297  0.369755649109528  -15.1283012792028  0.981150387926743  0.0578008143326414  0.000334486990183778  0.285075808417275
0.0318046969995673  0.214513645183047  0.656702064074626  0.893557078727627  0.028450256213632  0.706364366402926  0.15222622193406  0.735498513967291  0.136285126406298  0.669430067381256  0.48905549654744  0.654057298786078  0.254413738169137  0.459502392737343  0.75974712348442  0.167598815210751  0.787385022658995  0.105433506812554  0.884027872036219  0.520520882378277  0.285725751581819  0.325402234378807  0.545899275475054  0.170819626880523  0.406886560493794  0.646424955378729  0.395322817840159  -15.2161696854446  0.545621060673245  0.178362409577932  0.854162301361568
0.0638088949378734  0.676801836059634  0.129046919571309  0.392442885734402  0.297994518609153  0.82372210247732  0.450196375281937  0.428199460603693  0.0772637669238102  0.377035507199616  0.378467891387749  0.377196440681349  0.237211448116774  0.752501106271158  0.0153107457731877  0.387479098561899  0.370935990686492  0.452226909441611  0.303656256160641  0.820144652626671  0.883456409603621  0.937334413581589  0.269360552854526  0.652086093053779  0.685497117828417  0.201447595076992  0.544174277193716  0.633759092976199  -14.0470945443244  0.103323585948629  0.561939593162077
0.0721617900300202  0.676743771729489  0.193996121381536  0.496954599283605  0.945063801527473  0.604215177055954  0.943668430447106  0.754469785927329  0.727020821613478  0.574535160496201  0.995814288726447  0.953241582757361  0.182678424833532  0.544199567261226  0.650531361103667  0.106567366060693  0.0381807933696807  0.795295132143192  1.02153901285103  0.117798891643696  0.425224750421524  0.0284899053863989  0.427127189296398  0.210860036027638  0.924348342197818  0.237928075183598  1.00330074080704  0.288169723220416  0.555229566817812  -16.5215694188509  0.950124083612049
0.00378298236775283  0.99467663977792  0.994448542515954  0.349716822550517  0.801844096253759  0.212885045297521  0.100150191578687  0.0882553274850108  0.519721578969747  0.636059595292835  0.705996360651403  0.254283726149738  0.471827657443302  0.531960851358787  0.570707843344177  0.9451937431704  0.169876604541928  0.041444556348013  0.112709047312379  0.017618407907915  1.02900142095365  0.796688842111359  0.638936232990793  0.381662934592506  0.344837178002593  0.35466964269429  0.64448060699484  0.705994604973974  1.05234314741614  0.858222031691837  -15.8063981019132
