0.0291105586647265  -6.30683256142156  1.3520007952147  0.736537898429008  0.355972867611963  0.971808120123691  0.415347276876346  1.19609974114346  0.326684429610152  0.465221680376679  0.150503228542476
0.0834022403722985  0.131655253762961  -4.18881515554097  0.230437095962433  0.207845703477174  0.0933511183345354  0.030433670898056  0.169432731784497  0.512196373951903  0.478177180962378  0.424541401827334
0.118485954972181  0.664949805582882  0.0607074302281717  -4.39704143399816  0.434950701751999  0.219564370575619  0.319209916075022  0.531802535325206  0.158688962591101  0.92633902488365  0.133910716893059
0.136851149734108  0.220192522624415  1.33254574887489  0.839998266996686  -5.81894856212131  0.486154225560716  0.704879971867033  0.337571678333183  0.572144588353653  0.410693961082776  0.359276729927894
0.212505708648969  0.657605421183043  0.69605852687619  0.281330591924089  0.857576832963117  -4.77220010666612  0.0892472934959577  0.36773749607397  0.740431459473498  0.679295710001627  0.126839759514507
0.129327394622119  0.397400411066309  0.603450685718319  0.717536470301154  0.160717984378503  0.688754425159372  -4.57426240987331  0.860779285272999  0.0355436517480999  0.360479775666926  0.00914585867643815
0.0016933059428265  0.154980075690505  1.01607438616294  0.286834343949036  0.432138476317413  0.0355392682882304  0.552458210295949  -5.45994852049397  0.0930907565337366  1.12406861431739  0.007424800703392
0.0497283926885383  0.694049391200359  0.148443190751812  0.607890649483485  0.42180793360196  0.0649657304037488  0.394096326441408  0.826884230608999  -5.75991128648303  1.37785693515947  0.339998662754407
0.10213602792285  0.0885470277214555  0.598825124658068  0.156872379362169  0.677867028727134  0.250993764520129  0.260217180912192  0.135657905536395  0.620539589288926  -4.51847960466526  0.0846261338550054
0.136759266431384  1.06470252577037  0.247866986251355  0.189989174047198  0.146516260245823  0.627464733242281  0.455493506832301  0.0396869033360922  0.394462758917546  1.27446452761886  -4.57464185405889
