0.00700898905733665  -14.7743605154687  0.435753864928215  0.279802348827985  0.290801449077835  0.518648728194794  0.163526699490732  0.711310266968133  0.187445369501155  0.25935496601095  0.930468393505736  0.745149418591239  0.534124366870054  0.580725665349385  0.28609827387769  0.576645386608468  0.297050590884091  0.483129863309661  0.700903939214842  0.500727868785645  0.247966100390939  0.744323194417877  0.0709714002726802  0.285699444121346  0.661211413067824  0.49743225548872  0.143401935333747  0.511237029657323  0.483061137758175  0.677737659712593  0.159519136423235
0.0454325471113609  0.875730885883784  -13.1293280167803  0.932688802365392  0.0418607137413708  0.333984829385508  0.0131972741693208  0.234903375965087  0.692873060933028  0.319146231674989  0.501682834126408  0.0503232763312623  0.5690884228792  0.116031505500402  0.866766021938566  0.0143235610395747  0.749915546469111  0.0904132038013075  0.550031720030289  0.406052118919308  0.0732136532381365  0.324583722356019  0.671410374301304  0.901917289004648  0.45880541821022  0.145804344388539  0.537323542973764  0.205115694815528  0.915763285179723  0.373402475006842  0.300499700763128
0.0338006301499151  0.15312282620469  0.829438656513976  -11.656513722428  0.153966896083329  0.878306265462732  0.118959991577762  0.119725637177252  0.0955341430169499  0.49088588331999  0.273975855498391  0.0240759807028207  0.288911616608348  0.655266781465858  0.0318247180086734  0.511798640432781  0.248061745929004  0.189987653832635  0.13139034859017  0.319172446848689  0.150249607512274  0.121821869407227  0.404963649556698  0.0348020703655995  0.641630642834792  0.0954386008477279  0.867738936160173  0.118031362417263  0.207196287149629  0.809137536273623  0.845575291367563
0.0461922626732672  0.283814447381674  0.123329693525576  0.83835915712252  -17.5995332870293  0.77017340137099  0.891834197928062  0.979048780980776  0.928687876061671  0.496702772940931  0.280714809061764  0.246944473822229  0.505523298922186  0.48163285671839  0.312176362303937  0.949547031949203  0.616052687997227  0.127631649648255  0.437611963380876  0.943441497748085  0.479597951633701  0.913289642510784  0.598182326307471  0.619439452941142  0.850532873433491  0.508612517110301  0.976146210415807  0.333544091292401  0.487866912601776  0.347055824142814  0.612624639583205
0.0523401581000704  0.728711417208141  0.54388662715916  0.999396102886617  0.554658184120433  -15.9288544617457  0.409402879475583  0.216386296979514  0.0777684688844074  0.838813127749415  0.223245263704238  0.930906829983203  0.582049632315929  0.926993683965016  0.353054130182905  0.525697230990392  0.39953976562927  0.555328003752956  0.433405046532336  0.224766747574849  0.0842985125129115  0.617626814960476  0.415314936617441  0.0684401294884481  0.753931520835593  0.317529813344795  0.721584043420089  0.580665737108974  0.691873557449956  0.397563736404885  0.321709872646242
0.0555283447071791  0.789338063514114  0.434127668841932  0.602710668522216  0.119073313059844  0.320797912998202  -17.3726904696123  0.483149158209814  0.348560783171649  0.62812501075972  0.0772814252041471  0.963080472233254  0.0228584456019095  0.837813970582801  0.636475491656678  0.314010773967014  0.741020098762213  0.655654916382613  1.04903849197327  0.135228966663659  0.925729898729648  0.834360587071033  0.842678850464557  0.839714844688617  0.735540121347817  1.01794937385034  0.65080233269179  0.694940389834765  0.548662913028414  0.317018322119914  0.769459768435977
0.000709135921943055  0.564225039754175  0.747757043136133  0.348835860122396  0.412221795384649  0.224188363915805  0.947841407048945  -15.7185337757955  0.562949105643453  0.301155557963894  0.185273547953298  0.746297496510962  0.585046275327856  0.89181339254521  0.624762405368547  0.693109610324232  0.459718959445219  0.875066684359127  0.469628901820665  0.0348148408299846  0.281592685011786  0.348412179121471  0.13737399144556  0.491593350351344  0.788852418986461  0.355996369789368  0.509077705947016  0.537991174303302  0.83395865065802  0.544801696482524  0.103885810150819
0.0181101011409717  0.857987761949427  0.579909487422141  0.23669638206866  0.766218466891033  0.333349455347073  0.476969292451417  0.993202596728244  -15.8497936432308  0.451903676642322  0.245968100604045  0.215472672093461  0.711095957018751  0.950331129070798  0.471160998630503  0.771332739092392  0.558278577353712  0.99375125980645  0.872474069094864  0.580808371364944  0.642969789301235  0.27384770648285  0.287423365599522  0.0645597062183176  0.557755853431995  0.275466089875978  0.00330384417602103  0.63489620759591  0.543113144629991  0.822149279352797  0.029062401628556
0.0420675549683599  0.597621021635197  0.260036958310074  0.125185627447876  0.0975851812564937  0.759653434344727  0.0149037191886073  0.0471347093570577  0.711527779847252  -14.8412691224653  0.341873311977257  0.718094813689864  0.366882516329367  0.74296673057608  0.0242334142691296  0.481540637394761  0.765077028923389  0.530083721848507  0.272039195190204  0.350682460267015  0.372009059740117  0.420346687181281  0.893146076240087  0.741504459246722  0.696497776142501  0.277404535842802  0.437636296924938  0.290021045693445  0.68651087202301  0.765402418690311  0.615434439553667
0.0397229823417269  0.431193172552266  0.964005204781997  0.264429260280829  0.616662788854616  0.806078134957855  0.676129308086568  0.114936469764692  0.632275958385675  0.323501237196741  -16.3281346777881  0.348883461539479  1.00106429876335  0.52272491721664  0.437430661086206  0.943000426484271  0.440046401130975  0.193952563992513  1.05970476084538  0.584615926727014  0.811175301657978  0.935567542538605  0.693539014666666  0.402129122707278  0.401859063621834  0.151006475357713  0.196865526824726  0.202986307386488  0.421248054100805  0.339001491774326  0.818590359552971
0.0556692884338816  0.208468088949209  0.881759467517242  0.434577720353599  0.156885516120818  0.363481890046496  0.36255756011771  0.430105468314422  0.187363956260093  0.694340716493479  0.930661719349844  -15.7168118241744  0.756292174710432  0.867037300913051  0.950647194702101  0.195883835711778  0.465627910086377  0.396638448019595  0.402308808820481  0.0298739790188276  0.987363212960604  0.424367618683962  0.981351240170003  0.27187344689071  0.515870775609126  1.0198949208369  0.37428636376485  0.330270532811495  0.0356191507381492  0.658321278408266  0.914348625420525
0.0387998147487374  0.0459139955085152  0.199675005839956  0.790402201298848  0.129659174923274  0.737434421902943  0.956116976481508  0.921706924243102  0.578294964810535  0.749226240519619  0.477391522086274  0.744949925781862  -16.9603263382036  0.00299655889222375  0.539455974167949  0.448614130166594  0.314899145842843  0.833023666442082  1.02140383612957  0.688295153578538  0.241060662276675  0.821934557248387  0.722047452350795  0.945997315620429  0.256471983849535  0.889504048863372  0.479065696346091  0.315616557014642  0.399200565362865  0.725932622878533  0.0970538746164874
0.024492641277768  0.46303040679012  0.694841204738088  0.340974666562841  0.217502366812347  0.00241026859519198  0.108385314445593  0.222681965547283  0.118887736332114  0.757347567387133  0.200840813187264  1.00883420305067  1.00978734011962  -15.4465300133989  0.705031101095981  0.761512402837471  0.734398015178227  0.693732613678899  0.189345620539812  1.0436625626272  0.629670308869824  0.575454524482335  0.0200201065296065  0.375037296327714  0.701666847707637  0.452315208764402  0.78669724166228  0.864454245377981  0.619115374777264  0.189464127530137  0.769366854202613
0.0761562294104543  0.0961570556100918  0.634265174459858  0.446588579166627  0.792337253308234  0.853419641573074  0.960510571720944  0.216787946100153  0.871573730677505  0.434807736172703  0.51830885512012  0.776037537586752  0.135856919251512  0.407114331632043  -15.6376456552629  0.666410521488688  0.899435052005964  0.352039293548525  0.111135141577237  0.982044455801588  0.209210979536631  0.0554317907748804  0.434814859868934  0.338837956291748  0.275074681659943  0.684962118944146  0.793640260578638  0.461480401361069  0.962266565405318  0.269902412323481  0.656244787018686
0.0236257827503247  0.404010067712797  0.958175587212429  0.81928823800931  0.604324521237579  0.883737006537652  0.862929049209482  0.749641480038511  0.503041047798782  1.05351044012036  0.56014653247284  0.875424922498566  0.651500768501028  0.596711927331675  0.0332981864221261  -18.4447234734416  0.24849853592868  0.799484786069855  1.09177543542695  1.04734070293193  0.808898719034573  0.706960101301908  0.254214904001429  0.603164153142805  0.570073699428022  0.0521049625592042  0.376213175333326  0.963501921860374  0.409641084391809  0.505002008882446  0.172885858647845
0.0726112636331923  0.202518140492146  0.56336345593183  0.428463604996988  0.645192822661285  0.61295147255893  0.140919824384818  0.293658074244263  0.000621892903526368  1.00967664896445  0.407861341014403  0.988445994191827  0.530781752643516  0.46596098873077  0.73101380742386  0.144465663294122  -14.852378875097  0.541371092187128  0.600560853642479  0.705824759219028  0.395033771241698  0.14143003070908  0.0763311022727327  0.769412470619485  0.708690507897701  0.798740058780031  0.160691110782555  0.637707173108683  0.799172778416986  0.913320035348031  0.30973529005789
0.0203275956623099  0.676651345848936  0.335939328067602  0.651632803360709  0.083478619066349  0.636608330074217  0.566782083332579  0.653324139499208  0.780180643634149  0.88379881499966  0.0491334764719691  0.652228383097959  0.848411145643125  0.706427093990364  0.798896137939447  0.124299594076712  0.753531668500736  -17.1079937218494  0.376493144388505  1.00146305876456  0.970759637350449  0.597154217606502  0.110425452768385  0.757461655726391  0.580851818826949  0.0899423274217026  0.644355271166888  0.346533548494505  0.847558213016298  0.23540121303209  0.348625869189907
0.0148510295809995  0.898376283206375  0.527354206262145  0.821680354013741  0.0364499758864715  0.0394904901741301  0.565686400036164  0.219897237999367  0.231507440671646  0.608602694063057  0.37422403237759  0.72658678995226  0.110987863720906  0.885010754454113  0.588702720402476  0.59953854898785  0.666886190105952  0.484509309835342  -17.6209324221067  0.37936022490994  0.602152418482779  0.917638010547644  0.203242657695196  0.680910611297394  0.392757360214676  0.796037953366633  0.815030690562018  0.964630093275293  0.873690790516949  0.230018834489803  0.201558735502724
0.0103790422164872  0.768889555630469  0.154382766898245  0.855878141342621  0.908370105569196  0.494051876396673  0.0354390100669268  0.573722470223896  0.759161217844981  0.151923366902564  0.911047248955895  0.617564992305219  0.816047586531188  0.214069921083429  0.778538997087253  0.721947536857366  0.543814162300634  0.196249201038174  0.0595651683147703  -17.217217897537  0.616971238278325  0.763199255578204  0.186799220324874  0.603403808386099  0.36488077735495  0.371791732545532  0.055414107118349  0.414299393940308  0.526368882903134  0.725759806987298  0.752904794402706
0.0136591452739342  0.0119210938656856  0.542216074476775  0.312310982463785  0.036598700163445  0.360598559845409  0.240856153247402  0.904868914301121  0.880095474251184  0.608614869747448  0.898522368782694  0.805920327140745  0.114666513966346  0.534288727377985  0.325964840375571  0.622478390580226  0.573346944395746  0.663993830249085  0.635426666830176  0.123901713926649  -14.8881307483672  0.270143562434412  0.165877338208483  0.156155460003647  0.513704098567246  0.41734153130149  0.362414851085596  0.84280815145353  0.201962525436231  0.458302562848479  0.359139807105653
0.0216674136888601  0.263818371544207  0.792138321050661  0.328569188281359  0.0770609524439891  0.987420769277561  0.357173472846315  0.317261528901298  0.642273095556731  0.796819259432198  0.470562267573903  0.891506637167898  0.0496375381825162  0.630141814710739  0.78844763102545  0.324468829934921  0.876581981934875  0.480200554266746  0.994335476204612  0.326309719364982  0.620441350838203  -17.8023671810507  0.882604301736241  0.582156759743943  0.42176410843325  0.566194573072696  0.91347753981287  0.864118519018917  0.289041103537477  0.794791565437038  0.246096164146881
0.0214377615371626  0.349939979037667  0.554085277894111  0.203013224752186  0.506945851594986  0.975873759042904  0.291808688464681  0.348086307715948  0.0554163321867895  0.91519533720378  0.50178254365343  0.778136406093856  0.237665627922724  0.649694888834818  0.8284826729278  0.437431398164133  0.161579174780928  0.509007890691437  0.923162111270126  0.0352500464518637  0.269866652137506  0.945304756089051  -15.7091024451385  0.594303870826074  0.916417759843757  0.831899142306655  0.0483487693211879  0.315573209094997  0.519856663582053  0.674535627683379  0.272868667658814
0.0126879094151785  0.500143212434977  0.753286752791775  0.144974527000815  0.964374348354745  0.432585281108949  0.244454170953528  0.95967944657942  0.849096744072192  0.44789010367681  0.905514480475871  0.206871872275807  0.990712281757365  0.467131450220952  0.109783611638127  0.632786549213653  0.287312671222728  0.863085945994  0.364160619258175  0.967547364095033  0.03017714169424  0.566579240411639  0.497579865071802  -15.3478679734227  0.87702023267446  0.51714831555455  0.22578031828583  0.555403833557622  0.0100558930949776  0.086749504252089  0.315716657013074
0.00316037489490416  0.593799957383458  0.314460791294271  0.851683747728951  0.0106557859738425  0.666848303863996  0.697577745135754  0.473725778785898  0.218907377845693  0.127034285982548  0.417928276486524  0.639891726288097  0.0590053037395927  0.553085673808375  0.704320214703941  0.981465614821102  0.947249483775006  0.122284673116401  0.214459367732892  0.210476348419274  0.504252780483579  0.2155934414028  1.01859816922007  0.0994759665087517  -14.9222212721542  0.884815289410793  0.102751894691375  1.0743331734429  0.00570214998015202  0.486689764303828  0.97602169258248
0.0142916045519154  0.444921863789033  0.334265508566369  0.324617333787841  0.959344804255533  0.955751089796161  0.0113002323766117  0.0947370367704836  0.514487105930272  0.630062641119409  0.759436581602341  0.454170447579344  0.792606073474725  0.909593327530147  0.870522931223783  0.257397991590752  0.0912066499065133  0.0642373125030058  0.195607325629467  0.616544165373191  0.00088673195060221  0.478327616027793  0.641296782194416  0.189182807171597  0.625733808440846  -15.3805045616086  0.528807634849315  0.763744013388657  0.389094674120254  0.772553865559826  0.232322722884004
0.0638071165743069  0.908757091865734  0.6965018399717  0.972994015728474  0.373025544578699  0.642193050652306  0.0326088271273186  0.642506850729684  0.0039759991609188  0.59505697664035  0.280191871653717  0.603871200838968  0.938826517266719  0.559478442793672  0.789096101701334  0.298764771257723  0.868711190203883  0.863352613536976  0.873936929929609  0.0750868879396524  0.645416565784289  0.517885912116489  0.066482751185749  0.22143472353308  0.573266938966398  0.369570169190714  -15.1244288652269  0.980219662696223  0.057769105250514  0.000334681705486941  0.285200565651295
0.0320659556651376  0.214541493621366  0.657691978350216  0.892674026254227  0.0284962176890029  0.706372825010537  0.152664860662898  0.736872140581528  0.136565872561904  0.669701996843182  0.490019366836458  0.65563665322096  0.254736703447463  0.460890311173514  0.76175937209265  0.167960785580522  0.789785255262054  0.10556731644908  0.883558531096763  0.520262501560745  0.285675511252112  0.325743985578699  0.546612104958928  0.171210730873245  0.407806222649785  0.646846271482513  0.396122364377678  -15.2169783245678  0.546185409498542  0.178894856851491  0.856349671886583
0.06389693442818  0.676620779778729  0.129097476224977  0.391978413518873  0.298109145755835  0.823234392364856  0.450716269402825  0.428529657643388  0.0773222473295376  0.376938694617592  0.378714259864132  0.377551326497017  0.237264662984165  0.753479395022224  0.0153265916869249  0.387757725539543  0.371412209082508  0.452353787637751  0.303444430612239  0.819625537009507  0.883037108832974  0.937503023930329  0.26944765099635  0.652676962756016  0.686144396665212  0.201443032830931  0.544505405928141  0.633444332397302  -14.0513082547183  0.103451901667428  0.562532302873903
0.0717298026820821  0.675988335718879  0.193864844821726  0.495967722814189  0.94437795093726  0.603287742515734  0.943596317544677  0.75425846104266  0.726760909289033  0.573840503138013  0.995341947268018  0.953022379391166  0.182527130041414  0.544237725480975  0.650415096554577  0.106521331182133  0.0381821332526336  0.794698523767554  1.02001108467145  0.117631665869031  0.424670216828629  0.0284665400979809  0.426825237793096  0.210811643681945  0.924192996523212  0.237699179727524  1.00275331391037  0.287768824563028  0.554642374287474  -16.5113637054232  0.950016530465038
0.00377058740205252  0.991407556889783  0.993088012334005  0.348115462326844  0.800900090108884  0.212188630926523  0.100199068541978  0.0881666159298551  0.519377139516801  0.63426361541807  0.70547017044643  0.254238551803403  0.471042302015429  0.532294950601998  0.570800130339257  0.944756482613146  0.169993010074314  0.0413739697834553  0.112243654674986  0.0175459331188282  1.02522351631667  0.795085511882805  0.63786913391009  0.381522536959079  0.344684156173599  0.353761877820922  0.644076767029738  0.70362579590601  1.0503254297461  0.858741877052241  -15.7715899269973
