0.00946295848405109  -9.48863929184368  0.281182495373643  0.301558514390316  0.153879324805949  0.0377711183456085  0.187119936166507  0.808665075490301  0.439379481538327  0.848627351660372  0.751367276591813  0.0441624593003922  0.438877477482846  0.277819545988737  0.258476546451231  0.513398570990984  0.162803192235244  0.712192816356387  0.200622764057568  0.22290083525646  0.898546815357069
0.072341106262277  0.840310929439719  -10.0886270807893  0.581837460373713  0.667566006247559  0.320337053921875  0.61207042667847  0.342353884370317  0.4883171600806  0.685680780811996  0.488722911233918  0.252454165671912  0.790685852352666  0.0787970077312071  0.303818857307633  0.753777109258483  0.508593389015705  0.155835742403753  0.527330620759293  0.488400166685904  0.751481978477599
0.0547927593926526  0.174183037880771  0.782549670742812  -8.41476518530368  0.844783151693254  0.0403155632891093  0.285135546453307  0.0136757526921511  0.21130019434704  0.66973463795982  0.287753321082401  0.496612864518755  0.0503164507854755  0.583078285589859  0.108583880448065  0.899417676833556  0.0136271565974606  0.748594968620661  0.0897778008237095  0.46945787931106  0.358017729091038
0.0582757181313464  0.0714051311612022  0.303827947681348  0.683861366879212  -8.94392205766774  0.914574179610641  0.436417955476587  0.144971460311361  0.495313566657032  0.190655732054892  0.86159486897631  0.389510521635441  0.310167382463654  0.168692925164823  0.824314458607147  0.171291699801722  0.861510541153001  0.13135762812384  0.134316396007544  0.0979207866328987  0.489025849848605
0.0875378542089297  0.30956825443401  0.025660163019508  0.320688167501203  0.751499122854701  -6.71208035314501  0.0332438313717426  0.581180497924927  0.258598298363907  0.201026518430454  0.12994473429118  0.329858831507877  0.156696122886912  0.138590659495101  0.406216300630895  0.0402561257512082  0.691710642680226  0.0999788888084511  0.981626694808336  0.114849886676471  0.212688855167313
0.0808810287041505  0.976553214123012  0.963631795249195  0.301324995659934  0.130732951775914  0.837650758377681  -11.8475239397397  0.794125695075683  0.903864835221898  1.02982122286882  0.968452263067466  0.515583886686046  0.300032739290383  0.276870268773034  0.501375662386962  0.537062485865646  0.32719520611676  1.00233263487405  0.68148621327167  0.128031517521585  0.431938163445946
0.000788701409610181  0.916476032690465  0.418324027316978  0.907848158905602  0.580640515433845  0.599603553474093  0.749296261517789  -12.6763083722798  0.423803819697936  0.917337526845961  0.295041257820305  0.466473703358713  0.345013768851081  0.658318708574901  0.63440767009405  0.574153994147966  0.887638591158232  0.543376073704388  0.43900414251918  0.198434935331463  0.0748291700697384
0.0305151733100469  0.982877290152163  0.246962990008984  1.14376928074989  0.678958079186356  1.10589898463304  0.383098835163295  0.640274302091007  -11.2212825345289  0.467645431075156  0.614824611082431  0.487331032763129  0.252729626591049  0.102335621744906  0.645865024226333  0.504174353113124  0.0773674373242548  0.881368367113289  0.376042155297437  0.777163697654059  0.623033605396974
0.0679729699812517  0.741869493516641  0.416728073423808  0.361268821049148  0.780631026026174  0.430690391216215  0.534503273238349  0.121235860888126  0.284212907406437  -10.2714144819308  0.472668605544619  0.354698021523449  0.616524677374414  0.0823351918730088  0.906364168376496  0.0234822260128499  0.829397708798011  0.637273923655615  0.325181457079  0.711520580108803  0.628420172322086
0.0575655239294968  1.03964367113268  0.127036832156461  0.932028565914203  0.837638804043639  0.84206224104813  0.810096849899624  0.765593852917982  0.940719687621652  0.645162254205652  -13.0267280768626  0.684016683861847  0.54582017610696  0.342722806007558  0.742046221278624  0.556909903449016  0.731703651076769  0.312619853054054  0.424912704757387  0.199369684658226  0.980321722625677
0.0664546855561157  0.573863008116307  0.268233149745897  0.188703640011399  0.757320588564157  0.561104381830984  0.874185625533963  0.645404797000083  0.648119967111193  0.467353995445791  0.821588955791608  -10.1076225195686  0.421427893223382  0.0327599702391316  0.241001299304306  0.342499806083647  0.128903101141071  0.490673262053495  0.815118167894211  0.317814568098157  0.489345503778134
0.0523310447121265  0.50166636115863  0.765098054528597  0.579104180028328  0.106804232306109  0.801525931905594  0.533908220803231  0.214746187499391  0.696177390421905  0.300375783975537  0.474445193889509  0.991804585218128  -11.3011873451483  0.442926959547583  0.229091377586714  0.22237591877944  0.667301469169216  0.965118705145189  0.485493767737627  0.731942104781827  0.553786289833895
0.0217288524793337  0.929088742977088  0.697478398190718  0.511366423045854  0.559001916151862  0.242866111566568  0.237416096358084  0.0624463686505414  0.469252612173346  0.237491069938932  0.00291481474541995  0.551607322733768  0.48538720081186  -9.30983663160973  0.712537522328132  0.0287221559940057  0.530630052415585  0.245276290084384  0.11585334471971  0.0860767583585282  0.664135879691684
0.118730272211145  0.0166519567968652  0.0502215432199188  0.790343950315527  0.371580076942861  0.787468560021468  0.376885405952778  0.832103863994188  0.0254905296458304  0.518156814007264  0.838890212982746  0.568333225626231  0.277733010367574  0.367985853568797  -9.6422249945309  0.388985643152162  0.439070339836416  0.944384708170231  0.824307449758394  0.742608379613306  0.284215404375943
0.0242835199395292  0.452037616715568  0.260220355181661  0.689605286347347  0.792755168159685  0.622223763207044  0.363519180529893  0.939363435713419  0.20981107363036  0.568686848480284  0.69552256671272  0.669356750172916  0.111110187654911  0.653701501683915  0.269949345699171  -12.0341841503976  0.322858518176433  0.924704689901893  0.533015020673082  0.392768870608862  0.870118969845612
0.0961727731180755  0.467478867277826  0.189103073131978  1.03481588575664  0.562080093701839  0.783681992216479  0.891819860869136  0.70289626214021  0.392924505168651  0.409550470766408  0.146043051372883  0.201977236348153  0.197015950727923  0.433002545444857  0.338840177215388  0.8705027228966  -9.70896798777966  0.200520662332067  0.895054808082437  0.389545833272909  0.152113911689439
0.028718107064915  0.356878540621425  0.351931273004709  0.449891260791623  0.191191895564632  0.663109960698169  0.855682788131589  0.77005612362763  0.804604733464251  0.944902821379377  0.18949602168282  0.484378548828744  0.39468572085632  0.409540387639356  0.0257293724238929  0.988525791249755  0.397757574538628  -11.1678342909023  1.005036993488  0.254587953989421  0.50239295108187
0.0232737459915488  0.978425789445294  0.338714319786804  0.310881245793419  0.0334181885674934  0.641442053627745  0.819898886798302  0.0448772621043611  0.175820450862091  0.702822319433653  0.121260777598021  0.691901916990762  0.97253717713575  0.980463143356737  0.524584479289193  0.739190540490172  0.450653977033998  0.732510637849944  -11.2780644040291  0.00281754940731982  0.517446435875116
0.0234088640173232  0.512486687744789  0.337309119134786  0.932867210810319  1.06528482327084  0.708069398542429  0.232208321960802  0.910054133252908  0.707314277865297  1.0297162722035  0.274828132815098  0.956998034180596  0.530039052023075  0.353398918226256  0.390473788030274  0.855224830909431  0.104202995149798  0.448042435575921  0.73309993735637  -11.6679733569788  0.30540098382202
0.0247643410960749  0.224608076777738  0.00211392899297906  0.11751582518673  0.227928237119858  0.119703919416925  0.654594415354206  0.210243956428219  0.919072179679108  0.967870263838391  0.691715242200794  0.783549054330316  0.773690189082492  0.742372697006448  0.15802177785309  1.01837506098074  0.562301507396577  0.553442596648417  0.0205226960079804  0.351300645833832  -10.1503340561823
