0.00682731480715072  -14.8357771056406  0.432235703002554  0.280996380212973  0.288237466815199  0.518415267627303  0.160978684106935  0.704938983068721  0.185432276335174  0.258833617944435  0.920644921693501  0.735746393753113  0.530443236769098  0.571495710195858  0.28207220911224  0.569756219230323  0.292248358452327  0.479936667814834  0.703308939863698  0.502477874871559  0.248352490474668  0.74040369257087  0.0704981113956547  0.282318152345587  0.653679730398729  0.495916119344688  0.141792344218623  0.511174833670435  0.480157730436119  0.666986167330564  0.157385222869902
0.0453332702007631  0.880260407682138  -13.1764814573298  0.941117883937854  0.0418481229141326  0.335871126179416  0.013130697326287  0.234614197002811  0.691499037139432  0.32049269425016  0.500839865632529  0.0501592999980951  0.569621705221192  0.115389041030633  0.863167225121227  0.0142889519381459  0.745700522050913  0.0904987077501198  0.554231357558402  0.409106190307814  0.0736771696438578  0.32515500899017  0.671962010822213  0.899387416535105  0.457560659311321  0.146273608541735  0.536308021229228  0.206265167934207  0.917441868583582  0.371386351560668  0.2993376397912
0.0330897298029716  0.152522044592184  0.821275133754686  -11.6416131580249  0.152382638664756  0.87496354231975  0.117124441965339  0.118414537065665  0.0943913368779464  0.48831501131239  0.270767645442177  0.0237530365369531  0.286350997883177  0.644856099988429  0.0313648326421857  0.505371391652139  0.24408404225743  0.188322119101331  0.131220094516123  0.318739820496365  0.149842958811216  0.120866956154718  0.401367803369816  0.034355049111574  0.633510684241901  0.0948489727051467  0.857297343997085  0.117596201864195  0.205538539502192  0.796356944974023  0.833728475879926
0.0463100868901467  0.284483799825672  0.123314812409008  0.84334448148538  -17.5948765210492  0.773084568205112  0.889206333143301  0.977353489638829  0.927285336543957  0.49791297689051  0.280413182835992  0.246395469212845  0.505828733536188  0.479890679388175  0.311366292295519  0.948387496772142  0.613888699868288  0.127675265609107  0.439350187126383  0.946914928938808  0.481119926007364  0.913906319924356  0.598276165673888  0.618143192709149  0.848542721768157  0.509340920955698  0.975313509468459  0.334664674807802  0.488617872123882  0.345887817905912  0.610958377926577
0.0517553681655791  0.728076234094414  0.541343079611826  1.00224345596283  0.552001791287564  -15.8839874759799  0.405912936239653  0.215068007182598  0.0772758732787691  0.837663892050932  0.221911461812547  0.924070824149962  0.579802177339144  0.918534457946539  0.350240378485524  0.522354008558407  0.395894526252658  0.553117646291488  0.43387997236823  0.224968042762161  0.0843051770376919  0.615508287669904  0.413594719790373  0.067959011521137  0.748571455888121  0.316793089425348  0.71728594182135  0.58056049235784  0.689823122687724  0.394008928888431  0.319182801195743
0.0562490749090291  0.792574578428682  0.435136911379217  0.607334910886537  0.119380775221006  0.322683341049477  -17.4151919067953  0.483428848779722  0.348928031064749  0.630966773794682  0.0774006495570264  0.963565390056834  0.0229273045347355  0.837218319050098  0.636646890163178  0.314483658578264  0.740617668662144  0.657400844259033  1.05487808707693  0.135935028121794  0.930233010909859  0.836771574276222  0.84475693299194  0.840154708541191  0.735672912188375  1.02147079470236  0.65202332930221  0.698624330498928  0.550850097875038  0.316887233317247  0.769455595884528
0.000702157250144442  0.569636586780704  0.748394746811524  0.353730675926939  0.412233007177041  0.226209419557586  0.940949770382973  -15.841352158997  0.561822339295666  0.303381179518416  0.184934711763685  0.743301488129468  0.586278959134087  0.885078587814479  0.621267982954005  0.690764494521809  0.456107444405139  0.877198651802243  0.47587178550488  0.0352808876679033  0.284765485047285  0.349774106982054  0.137702346832779  0.490034679486719  0.786755789212537  0.358239627655662  0.507758540851817  0.543043603984555  0.836471540438265  0.54069777038589  0.103383720613222
0.0181161819330547  0.865467406712394  0.581238598618728  0.239722695512118  0.767606455155764  0.336295027978612  0.475136591056475  0.994387309643917  -15.9416866439697  0.455218857239391  0.246031692267137  0.215142728472385  0.713472930578957  0.946284754542138  0.469905108757892  0.77073718877123  0.555812358176466  0.997192129169024  0.882617718648964  0.587536849383022  0.649440282229466  0.275082975751656  0.288391010705649  0.064498748814631  0.557362777174426  0.277200451782139  0.00330336120573291  0.640566790826809  0.545418834933091  0.818728956555888  0.0289979008867714
0.0415081177512341  0.59812940706476  0.259004488014373  0.125774967115962  0.0971724647505294  0.760731405520022  0.0147741689351774  0.0468866384365836  0.70735096608535  -14.8315740126929  0.339975493428167  0.71300753482823  0.365757714255396  0.736113166952018  0.0240418028942154  0.47856556219153  0.757971977413164  0.528445204225319  0.272902911598347  0.351747317289493  0.372734570724013  0.41935853654049  0.890262753014495  0.736564992968767  0.691888534852757  0.277133293427069  0.435143788771943  0.29041332006661  0.685022061049766  0.758455808648906  0.610721167434676
0.0398400956710198  0.433822567047677  0.965471958492451  0.267047225793126  0.617476442780245  0.811558058397277  0.674071233774947  0.114960146402691  0.632064801299601  0.325243556834038  -16.3817165882215  0.348366876489366  1.00348112898849  0.520857852692146  0.43644250264813  0.942420061541627  0.438456984435204  0.194410524004174  1.06859084226464  0.589428534041847  0.817005240053357  0.938442431535834  0.69508213060527  0.401685434611406  0.401422443994446  0.151667031567218  0.19684269719656  0.204338306848196  0.422647527310382  0.33784659281335  0.816894132692717
0.0559531268764435  0.209918448785442  0.884254910673292  0.439262657796071  0.157310620947634  0.366344614013766  0.3620506585649  0.430713097840393  0.187560714713481  0.698820137391928  0.931983313736479  -15.7735281874082  0.759089148157048  0.865333624904307  0.949993304550159  0.196059187839034  0.464712997159195  0.398061682120729  0.40598530508573  0.0301412721723271  0.995269817291973  0.426160458647798  0.984727504967086  0.271958428514198  0.51600652833644  1.02541335321938  0.374804255856912  0.332797530484999  0.0357841615894695  0.65715524625485  0.913809735512905
0.0386916765910647  0.0460761551129301  0.199500911515156  0.796170211194307  0.129521986359334  0.740568797574343  0.951083865697609  0.919680025629098  0.576747773610297  0.751365476136103  0.476274426251986  0.74212437870011  -16.9825637339114  0.00297915871381241  0.537007872509634  0.447313454158038  0.313060034382422  0.83297015383801  1.02726186793919  0.692131585213652  0.242165541045172  0.822435107651094  0.721898676452076  0.942756482819508  0.255592784633261  0.891165145028825  0.477902688111431  0.316914316323344  0.399559594912644  0.721837905713296  0.0966306928496498
0.0247424177716851  0.469268623990765  0.699556876256786  0.346982387682117  0.218867637339228  0.00244294003712284  0.108429135213188  0.223949715930043  0.119412805726526  0.766454365381455  0.201779548199555  1.01169355008969  1.01773252614745  -15.5778394971981  0.706195564628709  0.764235617042361  0.734273209704971  0.699285330392958  0.192468945697039  1.06084530408607  0.639032778284343  0.580693662217592  0.0201785338640684  0.376328226879229  0.704267652639979  0.457271660871714  0.790027434065707  0.87626512524706  0.624554160735062  0.18948219483857  0.770996659471831
0.0768979177195239  0.0966122919849483  0.635787321285712  0.450321338173876  0.794367776586261  0.858786274924689  0.960162364017766  0.216947714911026  0.872457603768593  0.43694848609597  0.519071734507214  0.776303014308482  0.136281792368214  0.406690449387757  -15.6726514090451  0.667295467276993  0.898611533613993  0.353038167062382  0.111841667872364  0.98798576077887  0.21037412495987  0.0556068336375705  0.435967667364277  0.338985881249203  0.275119761914168  0.687616269237787  0.795003753314891  0.464159912232015  0.966199484820149  0.269694290147005  0.656127687992169
0.0238037802070905  0.407578965871449  0.960900788711964  0.829785250967476  0.605791715652773  0.891756113282458  0.860415299672365  0.750922406070826  0.503374272784586  1.0615207248855  0.5606698791048  0.87474461268201  0.654012223254421  0.594713066706292  0.0332372892155284  -18.5443543318837  0.247632884605081  0.802632891935703  1.10442690918191  1.0594092419051  0.817080479567255  0.710428711204823  0.25518943495954  0.603020834861755  0.570046900546309  0.0524476116872537  0.376436701565006  0.97228723839151  0.411588144183616  0.503366362124412  0.172636938297501
0.073530435865056  0.203806281669505  0.565421421816005  0.432781107436911  0.647624223079595  0.617755783233502  0.140997705705648  0.294248826742587  0.000623239165498479  1.01617797105652  0.408928246654133  0.989848167997494  0.533127584497964  0.465910951462695  0.731749914019412  0.144809592966121  -14.913217065057  0.543621641552946  0.605445956101464  0.711361554075441  0.397898154184248  0.142073472792283  0.076634803843843  0.770603011201542  0.709621622869376  0.803024951913824  0.161142328365608  0.642416574375472  0.803481356417609  0.913462013900695  0.310003689859659
0.0201972562808307  0.679931066757244  0.335576724160671  0.657414516766351  0.083354400512877  0.639869838811324  0.562938005108602  0.651853080722238  0.777640089717269  0.887015596310608  0.0489873225632358  0.649170361497564  0.848350917808853  0.701314059315668  0.794323010047961  0.123817272228881  0.747982301640717  -17.1612466385018  0.379348463642613  1.00898354588416  0.976702148727445  0.597723578765461  0.110413365695858  0.754314000307658  0.578539819472233  0.0901771993590204  0.642231963179051  0.348322336372673  0.848266838696002  0.233724823657766  0.346762370036585
0.014398205111858  0.895798552512285  0.52244351555303  0.822662355258585  0.0360921976916297  0.0393791500327762  0.556968826818145  0.21761021729719  0.228824244076906  0.605981119636636  0.369980115680129  0.717040775870946  0.110069859384129  0.87099584245515  0.580299569847147  0.592140202761136  0.656213152141869  0.480564450990077  -17.6127228818948  0.379345988759053  0.601222090871696  0.911119256198241  0.201567638312301  0.672377283788376  0.387930711914001  0.791812226457465  0.805459372082145  0.962043061087416  0.867239425511455  0.226396546568194  0.198777640798897
0.0100360460171439  0.766558937561995  0.15284419018187  0.856820203606116  0.898793641936743  0.492504718653882  0.034854687042463  0.567414004350589  0.749776646476281  0.15121800032594  0.89999447679434  0.608912576287881  0.808798995209871  0.21045616325684  0.766672816691728  0.712384180689068  0.53452539747245  0.194540346767388  0.0595656187073538  -17.2207013426978  0.615961661572745  0.757415729678462  0.185156235170522  0.595348020075859  0.360119926600407  0.369689449135804  0.0547151557939352  0.413083265676611  0.522159814581217  0.71355945856066  0.741837766234252
0.0132867170529023  0.0119043680390801  0.537652445923241  0.313159200767404  0.0362691124137163  0.360043496444314  0.237242752884612  0.896341184782931  0.870568105076046  0.606760522458287  0.888995831359027  0.795855063062045  0.113826194051645  0.526068576873861  0.321487038645576  0.615171623998986  0.56440745319966  0.659250864578632  0.636479523893176  0.124106980571154  -14.9102900773553  0.268523065201083  0.164678386540014  0.154309818453683  0.507794657646604  0.415648726311139  0.35839211645662  0.8416859911899  0.20066043199292  0.451281663821039  0.354405970466579
0.0214458467368388  0.264864503373074  0.790502117417682  0.331188586115236  0.0768683876679514  0.99153655670852  0.354376158839457  0.316244605443572  0.639541878867661  0.798966489551826  0.468687916897579  0.886415997662975  0.0495851516922538  0.624925051338443  0.783111812619059  0.322878284839486  0.869203167533661  0.479735957345924  1.00100934023273  0.328479116784461  0.623693017398955  -17.8457734673582  0.881655720877646  0.579154696373167  0.419670412250872  0.567148845164085  0.909528628097731  0.867781265754204  0.2889946065842  0.788296225614007  0.244531229506127
0.0212837917703018  0.351723813543903  0.553527573185365  0.204864394793472  0.506212085143682  0.981035702320654  0.289811457648199  0.347341271841606  0.0552381966226417  0.918681896312635  0.500304079413369  0.774490714494666  0.237668461124408  0.644961762626602  0.823713418025193  0.435730747469273  0.160379067892777  0.509061334218973  0.930434263618575  0.0355256140854589  0.27159050361865  0.946333514384261  -15.7650921959872  0.591851364434877  0.912820204201591  0.834221857655107  0.0481893081244805  0.317265344942934  0.52032934615272  0.669692650809048  0.271410722115837
0.0127058618930414  0.505417184936559  0.755905299954589  0.147115441931283  0.967177386653179  0.437131417392682  0.243664866716502  0.961998557901164  0.849956413337755  0.45190113260747  0.906652434887339  0.206736895751147  0.995260431219502  0.465442245277397  0.109574211417358  0.632837174830449  0.28621798801255  0.867194853777254  0.369147812535301  0.980787983577437  0.0305390801632807  0.56993827366888  0.499906920904748  -15.4593138408394  0.877290152329085  0.521225821294396  0.225951840978202  0.561329360425209  0.0101112851993213  0.0864429327223475  0.315279127938746
0.0031522636522608  0.600972835608307  0.31555539336537  0.865737429216719  0.0106843088329098  0.67454846042132  0.694423250327152  0.474962808260075  0.219051892367306  0.128295560151428  0.418278680016244  0.639044373486637  0.0592840081764982  0.550423960755198  0.702294589164712  0.980795202406367  0.942411222531164  0.122900949069295  0.217833591201671  0.213805707509551  0.511179151481834  0.216991798158828  1.02368108650132  0.0994266657939206  -15.0592793321567  0.892638787777073  0.102762027740056  1.08712408561919  0.00573425599570779  0.484359216391032  0.973938049585384
0.0140604293274803  0.44608523511958  0.332825283380192  0.326806834397439  0.954667972811699  0.958180478480335  0.0111777360003475  0.0942309543902536  0.51103592983822  0.630709485111821  0.754519361558618  0.450378495208023  0.79005254968522  0.899379152950654  0.862184197253144  0.25544158873352  0.0901645701501951  0.0640413494344429  0.196715718888801  0.620032032400756  0.000890293919898833  0.477410147750882  0.639284922703292  0.187726679075263  0.62110597073606  -15.4313459928702  0.525129093801362  0.765822086027939  0.388188175284498  0.763936100820839  0.230220532100792
0.0642886131870107  0.912005582080447  0.697089006238915  0.980100706187167  0.373376735103601  0.645407717818552  0.0325356825626255  0.641994680274458  0.00397345037513609  0.597205089408839  0.280137274787466  0.60302374590703  0.940333575051327  0.557848212922909  0.787661761644113  0.29864331456647  0.86626807027139  0.864517170994062  0.878590007300181  0.0754650594958842  0.648289765346915  0.518784409527954  0.0665603298731591  0.221155812857774  0.572412076732745  0.370516677109231  -15.1488292864058  0.984712031353509  0.0579175577156169  0.000333792455135205  0.28464844000014
0.0315262674633571  0.214477804152607  0.653788786941057  0.895863239077455  0.0283158806574139  0.706328908391682  0.150937971396498  0.731660608437653  0.135474024714014  0.66870959327684  0.48623210344085  0.649487616858278  0.253469538889645  0.45546311474211  0.753864462447618  0.16652667829729  0.780385212876171  0.105049305712602  0.885556153770026  0.521398869343633  0.285930927132561  0.324433996564876  0.543866739173591  0.16969528006378  0.404260624711965  0.645268533778103  0.392947652312864  -15.2193276658021  0.543942243750299  0.176807306962209  0.847805083735263
0.0638789961291023  0.677562760832378  0.128876376723667  0.3939807218595  0.297604413698976  0.825380512339831  0.448441115933847  0.427129157528712  0.077070961324319  0.377400918322324  0.377639682238025  0.376002805117739  0.237042676909794  0.749187595572505  0.0152562464969061  0.386555640204405  0.369320428277924  0.451837640404415  0.304416140278611  0.822040629056258  0.885056524230785  0.936845046311392  0.269092832821331  0.650135891815469  0.683351268683335  0.201488139925317  0.54303322851921  0.634888605892225  -14.0391869413246  0.102886263181541  0.559934369034962
0.0726017763475233  0.679535649838437  0.194456391284207  0.500341051227732  0.947434162692431  0.60741262082167  0.943977212312351  0.755307192582803  0.727999015335767  0.576989947478285  0.997494703100474  0.954036903828406  0.18321438092052  0.544088926981033  0.650900857618739  0.106738567329722  0.0381767730977838  0.797452735592182  1.02697163058036  0.118397659461477  0.427240908879433  0.02857369258262  0.428224959414525  0.211052411731302  0.92498578484229  0.238755080684478  1.00518412334724  0.289591870915803  0.557260402511147  -16.5598471866001  0.950537788050643
0.00378717661839154  1.00496925234621  0.998500425343637  0.354412939543855  0.804669928465783  0.21500924028523  0.0999735905796031  0.0885645521480618  0.520782037853239  0.641669551221118  0.707520189307746  0.254441236524254  0.474182596626661  0.530926133446249  0.570411604415281  0.946144372198111  0.169510511463442  0.0416611859464308  0.114177022254802  0.0178491599736234  1.04090177755809  0.801701886107955  0.642259177791025  0.382125238339311  0.345381913365215  0.357505543700579  0.645513337268112  0.713191545204254  1.05829356215709  0.856569934612054  -15.9167991997104
